hasTransparency=false
useFakeLighting=false
shineDamper=10
reflectivity=1

Levels Of Detail:
c:0,100,0,10
c:1,90,10,20
c:2,80,20,30
c:3,70,30,40
c:4,60,40,50
c:5,50,50,60
c:6,40,60,70
c:7,30,70,80
c:8,20,80,90
c:9,10,90,100

v:3.227124,-0.065127,-1.0,3.227124,-0.065127,1.0,-3.227125,-0.065127,1.0,-3.227123,-0.065127,-1.0,3.227126,1.934873,-0.999999,3.227122,1.934873,1.000001,-3.227126,1.934873,1.0,-3.227124,1.934873,-1.0,3.558682,1.92461,-1.10274,3.558677,1.92461,1.511141,-3.558681,1.92461,1.51114,-3.558679,1.92461,-1.10274,3.558682,2.083301,-1.10274,3.558677,2.083301,1.511141,-3.558681,2.083301,1.51114,-3.558679,2.083301,-1.10274,3.227124,-0.065127,-1.0,3.227126,1.934873,-0.999999,3.227126,1.934873,-0.999999,3.227126,1.934873,-0.999999,3.227124,-0.065127,1.0,3.227122,1.934873,1.000001,3.227122,1.934873,1.000001,3.227122,1.934873,1.000001,-3.227125,-0.065127,1.0,-3.227126,1.934873,1.0,-3.227126,1.934873,1.0,-3.227126,1.934873,1.0,-3.227123,-0.065127,-1.0,-3.227124,1.934873,-1.0,-3.227124,1.934873,-1.0,-3.227124,1.934873,-1.0,3.558682,1.92461,-1.10274,3.558677,1.92461,1.511141,3.558677,1.92461,1.511141,3.558677,1.92461,1.511141,-3.558681,1.92461,1.51114,-3.558681,1.92461,1.51114,-3.558681,1.92461,1.51114,-3.558679,1.92461,-1.10274,-3.558679,1.92461,-1.10274,3.558682,2.083301,-1.10274,3.558677,2.083301,1.511141,3.558677,2.083301,1.511141,-3.558679,2.083301,-1.10274,-3.558679,2.083301,-1.10274,-3.558681,2.083301,1.51114,-3.558681,2.083301,1.51114,-3.975889,5.109764,-0.703744,-3.975889,-0.001038,-0.703744,4.035702,-0.001038,-0.703744,4.035702,5.109764,-0.703744,4.136954,-0.001038,-0.645286,4.136954,5.109764,-0.645286,4.136954,-0.001038,-0.52837,4.136954,5.109764,-0.52837,4.035702,-0.001038,-0.469912,4.035702,5.109764,-0.469912,3.93445,-0.001038,-0.52837,3.93445,5.109764,-0.52837,3.93445,-0.001038,-0.645286,3.93445,5.109764,-0.645286,-3.874637,-0.001038,-0.645286,-3.874637,5.109764,-0.645286,-3.874637,-0.001038,-0.52837,-3.874637,5.109764,-0.52837,-3.975889,-0.001038,-0.469912,-3.975889,5.109764,-0.469912,-4.077142,-0.001038,-0.52837,-4.077142,5.109764,-0.52837,-4.077142,-0.001038,-0.645286,-4.077142,5.109764,-0.645286,-4.518063,-0.025686,3.868089,-4.518063,-0.025686,3.580229,4.401308,-0.025686,3.580229,4.401308,-0.025686,3.868089,-4.518063,3.617208,3.868089,-4.518063,3.617208,3.580229,4.401308,3.617208,3.580229,4.401308,3.617208,3.868089,-4.518063,4.016335,3.710218,-4.518063,3.79268,3.528995,4.401308,3.79268,3.528995,4.401308,4.016335,3.710218,-4.518063,4.490533,3.232638,-4.518063,4.260199,3.059984,4.401308,4.260199,3.059984,4.401308,4.490533,3.232638,-4.518063,5.251897,-0.749037,-4.518063,5.051156,-0.716959,4.401308,5.051156,-0.716959,4.401308,5.251897,-0.749037,-4.518063,4.733114,-1.423512,-4.518063,4.593092,-1.289192,4.401308,4.593092,-1.289192,4.401308,4.733114,-1.423512,-3.874637,5.109764,-0.52837,-3.874637,-0.001038,-0.52837,3.93445,5.109764,-0.52837,3.93445,-0.001038,-0.52837,3.077599,2.08043,-1.292466,3.486084,2.08043,7.98E-4,1.220706,2.08043,0.71633,0.812221,2.08043,-0.576934,3.077599,2.174018,-1.292466,3.486084,2.174018,7.98E-4,1.220706,2.174018,0.71633,0.812221,2.174018,-0.576934,0.866186,2.174018,-0.491315,1.241163,2.174018,0.695864,1.353509,2.174018,0.66038,0.978532,2.174018,-0.5268,0.866186,2.08043,-0.491315,1.241163,2.08043,0.695864,1.353509,2.08043,0.66038,0.978532,2.08043,-0.5268,0.866186,2.545954,-0.491315,1.241163,2.545954,0.695864,1.353509,2.545954,0.66038,0.978532,2.545954,-0.5268,0.844122,2.174018,-0.561169,0.956468,2.174018,-0.596654,0.844122,2.08043,-0.561169,0.956468,2.08043,-0.596654,0.844122,2.545954,-0.561169,0.956468,2.545954,-0.596654,3.012783,2.174018,-1.16933,3.012783,2.08043,-1.16933,3.012783,2.545954,-1.16933,2.99072,2.174018,-1.239183,2.99072,2.08043,-1.239183,2.99072,2.545954,-1.239183,3.092841,2.174018,-1.194616,3.092841,2.08043,-1.194616,3.092841,2.545954,-1.194616,3.070777,2.174018,-1.26447,3.070777,2.08043,-1.26447,3.070777,2.545954,-1.26447,3.376227,2.174018,-0.018666,3.376227,2.08043,-0.018666,3.376227,2.545954,-0.018666,3.456284,2.174018,-0.043953,3.456284,2.08043,-0.043953,3.456284,2.545954,-0.043953,3.077599,2.174018,-1.292466,3.077599,2.174018,-1.292466,3.486084,2.174018,7.98E-4,3.486084,2.174018,7.98E-4,3.486084,2.08043,7.98E-4,3.486084,2.08043,7.98E-4,3.077599,2.08043,-1.292466,3.077599,2.08043,-1.292466,1.220706,2.174018,0.71633,1.220706,2.174018,0.71633,1.220706,2.08043,0.71633,1.220706,2.08043,0.71633,0.812221,2.174018,-0.576934,0.812221,2.174018,-0.576934,0.812221,2.08043,-0.576934,0.812221,2.08043,-0.576934,0.978532,2.08043,-0.5268,0.978532,2.08043,-0.5268,0.978532,2.08043,-0.5268,0.978532,2.08043,-0.5268,0.866186,2.08043,-0.491315,0.866186,2.08043,-0.491315,0.866186,2.08043,-0.491315,0.844122,2.08043,-0.561169,0.844122,2.08043,-0.561169,1.241163,2.08043,0.695864,1.241163,2.08043,0.695864,0.866186,2.174018,-0.491315,0.866186,2.174018,-0.491315,0.866186,2.174018,-0.491315,1.241163,2.174018,0.695864,1.241163,2.174018,0.695864,1.241163,2.174018,0.695864,1.353509,2.08043,0.66038,1.353509,2.08043,0.66038,1.353509,2.174018,0.66038,1.353509,2.174018,0.66038,1.353509,2.174018,0.66038,0.978532,2.174018,-0.5268,0.978532,2.174018,-0.5268,0.978532,2.174018,-0.5268,0.866186,2.545954,-0.491315,0.866186,2.545954,-0.491315,0.866186,2.545954,-0.491315,0.978532,2.545954,-0.5268,0.978532,2.545954,-0.5268,0.978532,2.545954,-0.5268,0.978532,2.545954,-0.5268,1.241163,2.545954,0.695864,1.241163,2.545954,0.695864,1.353509,2.545954,0.66038,1.353509,2.545954,0.66038,0.956468,2.08043,-0.596654,0.956468,2.08043,-0.596654,0.956468,2.08043,-0.596654,0.844122,2.174018,-0.561169,0.844122,2.174018,-0.561169,0.844122,2.174018,-0.561169,0.956468,2.174018,-0.596654,0.956468,2.174018,-0.596654,0.956468,2.174018,-0.596654,0.844122,2.545954,-0.561169,0.844122,2.545954,-0.561169,0.956468,2.545954,-0.596654,0.956468,2.545954,-0.596654,0.956468,2.545954,-0.596654,3.012783,2.174018,-1.16933,3.012783,2.174018,-1.16933,3.012783,2.174018,-1.16933,3.012783,2.08043,-1.16933,3.012783,2.08043,-1.16933,3.012783,2.08043,-1.16933,3.012783,2.08043,-1.16933,3.012783,2.545954,-1.16933,3.012783,2.545954,-1.16933,3.012783,2.545954,-1.16933,3.012783,2.545954,-1.16933,2.99072,2.08043,-1.239183,2.99072,2.08043,-1.239183,2.99072,2.08043,-1.239183,2.99072,2.174018,-1.239183,2.99072,2.174018,-1.239183,2.99072,2.174018,-1.239183,2.99072,2.545954,-1.239183,2.99072,2.545954,-1.239183,2.99072,2.545954,-1.239183,3.070777,2.174018,-1.26447,3.070777,2.174018,-1.26447,3.070777,2.174018,-1.26447,3.092841,2.08043,-1.194616,3.092841,2.08043,-1.194616,3.092841,2.08043,-1.194616,3.092841,2.174018,-1.194616,3.092841,2.174018,-1.194616,3.092841,2.174018,-1.194616,3.092841,2.545954,-1.194616,3.092841,2.545954,-1.194616,3.092841,2.545954,-1.194616,3.070777,2.08043,-1.26447,3.070777,2.08043,-1.26447,3.070777,2.545954,-1.26447,3.070777,2.545954,-1.26447,3.376227,2.174018,-0.018666,3.376227,2.174018,-0.018666,3.376227,2.174018,-0.018666,3.376227,2.08043,-0.018666,3.376227,2.08043,-0.018666,3.376227,2.545954,-0.018666,3.376227,2.545954,-0.018666,3.456284,2.08043,-0.043953,3.456284,2.08043,-0.043953,3.456284,2.174018,-0.043953,3.456284,2.174018,-0.043953,3.456284,2.174018,-0.043953,3.456284,2.545954,-0.043953,3.456284,2.545954,-0.043953,1.510815,2.137595,0.03773,1.349035,2.290844,-0.140367,1.591464,2.172901,-0.233612,1.784266,2.190338,-0.024086,1.66099,2.319058,0.198652,1.392003,2.381173,0.126783,1.5225,2.438301,-0.312256,1.791486,2.376186,-0.240387,1.834455,2.466515,0.026763,1.592026,2.584458,0.120008,1.399223,2.567021,-0.089519,1.672674,2.619764,-0.151334,2.497889,2.137595,-0.044384,2.336109,2.290844,-0.222481,2.578538,2.172901,-0.315726,2.77134,2.190338,-0.1062,2.648064,2.319058,0.116538,2.379078,2.381173,0.044669,2.509574,2.438301,-0.39437,2.77856,2.376186,-0.322502,2.821529,2.466515,-0.055351,2.5791,2.584458,0.037894,2.386297,2.567021,-0.171633,2.659748,2.619764,-0.233449,2.006507,2.137595,-0.316138,1.844727,2.290844,-0.494235,2.087156,2.172901,-0.587479,2.279958,2.190338,-0.377954,2.156682,2.319058,-0.155216,1.887695,2.381173,-0.227085,2.018192,2.438301,-0.666124,2.287179,2.376186,-0.594255,2.330147,2.466515,-0.327105,2.087718,2.584458,-0.23386,1.894915,2.567021,-0.443387,2.168366,2.619764,-0.505202,2.833736,2.426006,-0.583306,2.684991,2.845636,-1.079525,2.757221,2.366194,-0.574572,2.608476,2.785824,-1.07079,2.749703,2.246832,-0.600498,2.600958,2.666462,-1.096717,2.818701,2.187281,-0.635161,2.669955,2.606911,-1.131379,2.895216,2.247093,-0.643896,2.746471,2.666724,-1.140114,2.902734,2.366456,-0.617969,2.753989,2.786086,-1.114187,3.047219,2.426006,-0.650736,2.898475,2.845636,-1.146955,2.970704,2.366194,-0.642001,2.821959,2.785824,-1.13822,2.963186,2.246832,-0.667928,2.814442,2.666462,-1.164147,3.032184,2.187281,-0.702591,2.883439,2.606911,-1.198809,3.1087,2.247093,-0.711326,2.959954,2.666724,-1.207544,3.116217,2.366456,-0.685399,2.967472,2.786086,-1.181617,-1.172064,2.145742,0.102815,-1.274777,2.145742,0.043514,-1.274777,2.075523,-0.065804,-1.274777,2.111542,-0.065804,-1.077392,2.075523,0.048156,-1.077392,2.111542,0.048156,-1.077392,2.075523,0.276076,-1.077392,2.111542,0.276076,-1.274777,2.075523,0.390036,-1.274777,2.111542,0.390036,-1.472162,2.075523,0.276076,-1.472162,2.111542,0.276076,-1.472162,2.075523,0.048156,-1.472162,2.111542,0.048156,-1.172064,2.145742,0.221418,-1.274777,2.145742,0.280719,-1.37749,2.145742,0.221418,-1.37749,2.145742,0.102815,-1.238618,2.209867,0.14124,-1.274777,2.209867,0.120363,-1.238618,2.209867,0.182993,-1.274777,2.209867,0.20387,-1.310936,2.209867,0.182993,-1.310936,2.209867,0.14124,-1.238618,2.579231,0.14124,-1.274777,2.579231,0.120363,-1.238618,2.579231,0.182993,-1.274777,2.579231,0.20387,-1.310936,2.579231,0.182993,-1.310936,2.579231,0.14124,-1.188232,2.648486,0.11215,-1.274777,2.648486,0.062183,-1.188232,2.648486,0.212083,-1.274777,2.648486,0.26205,-1.361322,2.648486,0.212083,-1.361322,2.648486,0.11215,-1.124406,2.740827,0.075299,-1.274777,2.740827,-0.011518,-1.124406,2.740827,0.248933,-1.274777,2.740827,0.33575,-1.425149,2.740827,0.248933,-1.425149,2.740827,0.075299,-1.080861,2.912683,0.050158,-1.274777,2.912683,-0.061799,-1.080861,2.912683,0.274074,-1.274777,2.912683,0.386032,-1.468694,2.912683,0.274074,-1.468694,2.912683,0.050158,-1.080861,3.117886,0.050158,-1.274777,3.117886,-0.061799,-1.080861,3.117886,0.274074,-1.274777,3.117886,0.386032,-1.468694,3.117886,0.274074,-1.468694,3.117886,0.050158,-1.099921,3.127254,0.059737,-1.278856,3.127254,-0.043571,-1.099921,3.127254,0.266354,-1.278856,3.127254,0.369662,-1.457792,3.127254,0.266354,-1.457792,3.127254,0.059737,-1.278856,2.680948,0.163046,-1.922013,2.145742,-0.643475,-2.024726,2.145742,-0.702776,-2.024726,2.075523,-0.812093,-2.024726,2.111542,-0.812093,-1.827342,2.075523,-0.698134,-1.827342,2.111542,-0.698134,-1.827342,2.075523,-0.470213,-1.827342,2.111542,-0.470213,-2.024726,2.075523,-0.356253,-2.024726,2.111542,-0.356253,-2.222111,2.075523,-0.470213,-2.222111,2.111542,-0.470213,-2.222111,2.075523,-0.698134,-2.222111,2.111542,-0.698134,-1.922013,2.145742,-0.524872,-2.024726,2.145742,-0.465571,-2.127439,2.145742,-0.524872,-2.127439,2.145742,-0.643475,-1.988567,2.209867,-0.60505,-2.024726,2.209867,-0.625927,-1.988567,2.209867,-0.563297,-2.024726,2.209867,-0.54242,-2.060886,2.209867,-0.563297,-2.060886,2.209867,-0.60505,-1.988567,2.579231,-0.60505,-2.024726,2.579231,-0.625927,-1.988567,2.579231,-0.563297,-2.024726,2.579231,-0.54242,-2.060886,2.579231,-0.563297,-2.060886,2.579231,-0.60505,-1.938182,2.648486,-0.63414,-2.024726,2.648486,-0.684107,-1.938182,2.648486,-0.534207,-2.024726,2.648486,-0.48424,-2.111271,2.648486,-0.534207,-2.111271,2.648486,-0.63414,-1.874355,2.740827,-0.670991,-2.024726,2.740827,-0.757808,-1.874355,2.740827,-0.497356,-2.024726,2.740827,-0.410539,-2.175098,2.740827,-0.497356,-2.175098,2.740827,-0.670991,-1.83081,2.912683,-0.696131,-2.024726,2.912683,-0.808089,-1.83081,2.912683,-0.472216,-2.024726,2.912683,-0.360258,-2.218643,2.912683,-0.472216,-2.218643,2.912683,-0.696131,-1.83081,3.117886,-0.696131,-2.024726,3.117886,-0.808089,-1.83081,3.117886,-0.472216,-2.024726,3.117886,-0.360258,-2.218643,3.117886,-0.472216,-2.218643,3.117886,-0.696131,-1.849871,3.127254,-0.686552,-2.028805,3.127254,-0.78986,-1.849871,3.127254,-0.479936,-2.028805,3.127254,-0.376628,-2.207741,3.127254,-0.479936,-2.207741,3.127254,-0.686552,-2.028805,2.680948,-0.583244,-3.080822,2.145742,0.848455,-3.183535,2.145742,0.789153,-3.183535,2.075523,0.679836,-3.183535,2.111542,0.679836,-2.986151,2.075523,0.793796,-2.986151,2.111542,0.793796,-2.986151,2.075523,1.021716,-2.986151,2.111542,1.021716,-3.183535,2.075523,1.135676,-3.183535,2.111542,1.135676,-3.380919,2.075523,1.021716,-3.380919,2.111542,1.021716,-3.380919,2.075523,0.793796,-3.380919,2.111542,0.793796,-3.080822,2.145742,0.967057,-3.183535,2.145742,1.026358,-3.286248,2.145742,0.967057,-3.286248,2.145742,0.848455,-3.147376,2.209867,0.886879,-3.183535,2.209867,0.866003,-3.147376,2.209867,0.928633,-3.183535,2.209867,0.949509,-3.219694,2.209867,0.928633,-3.219694,2.209867,0.886879,-3.147376,2.579231,0.886879,-3.183535,2.579231,0.866003,-3.147376,2.579231,0.928633,-3.183535,2.579231,0.949509,-3.219694,2.579231,0.928633,-3.219694,2.579231,0.886879,-3.096991,2.648486,0.857789,-3.183535,2.648486,0.807823,-3.096991,2.648486,0.957723,-3.183535,2.648486,1.007689,-3.27008,2.648486,0.957723,-3.27008,2.648486,0.857789,-3.033164,2.740827,0.820939,-3.183534,2.740827,0.734122,-3.033164,2.740827,0.994573,-3.183534,2.740827,1.08139,-3.333907,2.740827,0.994573,-3.333907,2.740827,0.820939,-2.989619,2.912683,0.795798,-3.183534,2.912683,0.68384,-2.989619,2.912683,1.019714,-3.183534,2.912683,1.131672,-3.377452,2.912683,1.019714,-3.377452,2.912683,0.795798,-2.989619,3.117886,0.795798,-3.183534,3.117886,0.68384,-2.989619,3.117886,1.019714,-3.183534,3.117886,1.131672,-3.377452,3.117886,1.019714,-3.377452,3.117886,0.795798,-3.008679,3.127254,0.805377,-3.187614,3.127254,0.702069,-3.008679,3.127254,1.011994,-3.187614,3.127254,1.115302,-3.36655,3.127254,1.011994,-3.36655,3.127254,0.805377,-3.187614,2.680948,0.908685,4.401308,3.617208,3.580229,4.401308,-0.025686,3.580229,4.401308,3.79268,3.528995,4.401308,4.260199,3.059984,4.401308,5.051156,-0.716959,4.401308,4.593092,-1.289192
n:1.0,0.0,0.0,1.0,0.0,0.0,0.0,0.0,1.0,0.0,0.0,-1.0,1.0,0.0,0.0,1.0,0.0,0.0,0.0,0.0,1.0,-0.999969,0.0,0.0,-0.030915,-0.999512,0.0,-0.030915,-0.999512,0.0,0.0,-0.999786,-0.020051,0.0,-0.191351,-0.981506,0.0,0.999969,0.0,0.0,1.0,0.0,0.0,1.0,0.0,0.0,1.0,0.0,0.0,0.0,-1.0,0.0,0.0,-1.0,-0.030915,-0.999512,0.0,0.0,-0.995025,0.099399,0.0,0.0,1.0,0.0,0.0,1.0,-0.030915,-0.999512,0.0,0.0,-0.999786,-0.020051,-1.0,0.0,0.0,-0.999969,0.0,0.0,0.030915,-0.999512,0.0,0.0,-0.999786,-0.020051,-1.0,0.0,0.0,0.0,0.0,-1.0,0.030915,-0.999512,0.0,0.0,-0.995025,0.099399,0.707327,-0.135258,-0.693808,0.0,-0.999786,-0.020051,1.0,0.0,0.0,0.0,0.0,1.0,0.030915,-0.999512,0.0,-1.0,0.0,0.0,0.0,0.0,1.0,0.030915,-0.999512,0.0,-1.0,0.0,0.0,0.707083,0.0,-0.707083,1.0,0.0,0.0,0.0,0.0,1.0,-1.0,0.0,0.0,0.0,0.0,-0.999969,-1.0,0.0,0.0,0.0,0.0,1.0,0.0,0.0,-1.0,0.0,0.0,-1.0,0.0,0.0,-1.0,0.0,0.0,-1.0,0.866024,0.0,-0.499985,0.866024,0.0,-0.499985,0.866024,0.0,0.499985,0.866024,0.0,0.499985,0.0,0.0,1.0,0.0,0.0,1.0,-0.499985,0.0,0.866024,-0.499985,0.0,0.866024,-0.866024,0.0,-0.499985,-0.866024,0.0,-0.499985,0.866024,0.0,-0.499985,0.866024,0.0,-0.499985,1.0,0.0,0.0,1.0,0.0,0.0,0.0,0.0,1.0,0.0,0.0,1.0,-0.866024,0.0,0.499985,-0.866024,0.0,0.499985,-0.866024,0.0,-0.499985,-0.866024,0.0,-0.499985,-0.707083,0.0,0.707083,-0.707083,0.0,-0.707083,1.0,0.0,0.0,0.707083,0.0,0.707083,-0.667287,0.139409,0.73162,-0.740379,-0.095126,-0.665365,0.0,-0.141545,-0.989929,0.667287,0.139409,0.73162,-0.663778,0.411603,0.624439,-0.767602,-0.327036,-0.551164,0.0,-0.5103,-0.859981,0.663778,0.411603,0.624439,-0.64687,0.67449,0.355785,-0.777123,-0.553728,-0.29899,0.0,-0.87991,-0.475112,0.64687,0.67449,0.355785,-0.625416,0.759117,-0.180425,-0.816797,-0.561113,0.133915,0.0,-0.972655,0.232154,0.625416,0.759117,-0.180425,-0.571825,0.061678,-0.818018,-0.582202,-0.811274,-0.053255,0.726402,-0.475723,-0.495926,0.571825,0.061678,-0.818018,0.499985,0.0,0.866024,0.499985,0.0,0.866024,-1.0,0.0,0.0,-1.0,0.0,0.0,0.953551,0.0,-0.301187,0.953551,0.0,-0.301187,0.301187,0.0,0.953551,-0.953551,0.0,0.301187,0.953551,0.0,-0.301187,0.953551,0.0,-0.301187,0.301187,0.0,0.953551,-0.953551,0.0,0.301187,-0.953551,0.0,0.301187,-0.953551,0.0,0.301187,0.301157,0.0,0.953551,0.953551,0.0,-0.301187,0.0,-1.0,0.0,0.0,-1.0,0.0,0.0,-0.999969,0.0,0.0,-0.999969,0.0,0.0,1.0,0.0,0.0,1.0,0.0,0.0,1.0,0.0,0.0,1.0,0.0,-0.301187,0.0,-0.953551,-0.301187,0.0,-0.953551,0.0,-0.999969,0.0,0.0,-1.0,0.0,0.0,0.999969,0.0,0.0,1.0,0.0,0.301187,0.0,0.953551,0.301187,0.0,0.953551,0.301187,0.0,0.953551,-0.301187,0.0,-0.953551,-0.301187,0.0,-0.953551,-0.301187,0.0,-0.953551,0.953551,0.0,-0.301157,0.953551,0.0,-0.301157,0.953551,0.0,-0.301157,-0.301187,0.0,-0.953551,-0.301187,0.0,-0.953551,0.953551,0.0,-0.301157,-0.953551,0.0,0.301187,0.301187,0.0,0.953551,-0.953551,0.0,0.301187,0.301187,0.0,0.953551,0.301187,0.0,0.953551,0.953551,0.0,-0.301187,-0.301187,0.0,-0.953551,0.0,1.0,0.0,0.301187,0.0,0.953551,0.0,1.0,0.0,0.301187,0.0,0.953551,0.0,-1.0,0.0,-0.301187,0.0,-0.953551,0.0,-1.0,0.0,-0.953551,0.0,0.301187,0.0,1.0,0.0,-0.953551,0.0,0.301187,0.0,-0.999969,0.0,-0.301187,0.0,-0.953551,0.0,1.0,0.0,-0.301187,0.0,-0.953551,0.0,-1.0,0.0,0.953551,0.0,-0.301187,0.0,-1.0,0.0,0.301187,0.0,0.953551,0.0,-1.0,0.0,0.0,-1.0,0.0,-0.953551,0.0,0.301187,-0.953551,0.0,0.301157,-0.301187,0.0,-0.953551,-0.953551,0.0,0.301157,-0.953551,0.0,0.301187,0.301157,0.0,0.953551,-0.953551,0.0,0.301187,-0.953551,0.0,0.301157,-0.953551,0.0,0.301157,0.301157,0.0,0.953551,0.301157,0.0,0.953551,-0.953551,0.0,0.301187,0.301157,0.0,0.953551,0.953551,0.0,-0.301187,0.953551,0.0,-0.301187,0.301157,0.0,0.953551,0.953551,0.0,-0.301187,0.953551,0.0,-0.301187,0.301187,0.0,0.953551,0.301187,0.0,0.953551,0.0,1.0,0.0,-0.953551,0.0,0.301187,-0.953551,0.0,0.301157,0.953551,0.0,-0.301187,0.0,1.0,0.0,0.0,1.0,0.0,0.301187,0.0,0.953551,0.301157,0.0,0.953551,-0.953551,0.0,0.301187,0.953551,0.0,-0.301187,0.301157,0.0,0.953551,-0.301187,0.0,-0.953551,-0.301187,0.0,-0.953551,0.0,-1.0,0.0,-0.301187,0.0,-0.953551,-0.953551,0.0,0.301157,-0.953551,0.0,0.301157,-0.301187,0.0,-0.953551,-0.301187,0.0,-0.953551,-0.301187,0.0,-0.953551,-0.301187,0.0,-0.953551,-0.953551,0.0,0.301157,-0.301187,0.0,-0.953551,0.0,1.0,0.0,-0.301187,0.0,-0.953551,0.301187,0.0,0.953551,-0.953551,0.0,0.301187,-0.953551,0.0,0.301187,0.0,-1.0,0.0,0.0,-1.0,0.0,-0.953551,0.0,0.301187,0.0,-1.0,0.0,0.0,1.0,0.0,0.0,1.0,0.0,-0.953551,0.0,0.301187,0.0,1.0,0.0,0.0,-1.0,0.0,-0.301187,0.0,-0.953551,0.0,-0.999969,0.0,-0.301187,0.0,-0.953551,-0.301187,0.0,-0.953551,-0.301187,0.0,-0.953551,0.0,0.999969,0.0,-0.301187,0.0,-0.953551,0.0,1.0,0.0,0.953551,0.0,-0.301157,-0.301187,0.0,-0.953551,0.953551,0.0,-0.301157,0.0,-1.0,0.0,0.0,-0.999969,0.0,0.953551,0.0,-0.301187,0.953551,0.0,-0.301157,0.953551,0.0,-0.301187,0.953551,0.0,-0.301187,0.0,1.0,0.0,0.953551,0.0,-0.301187,0.0,1.0,0.0,0.0,-1.0,0.0,0.953551,0.0,-0.301157,-0.301187,0.0,-0.953551,0.0,1.0,0.0,0.301187,0.0,0.953551,0.301187,0.0,0.953551,-0.953551,0.0,0.301187,0.0,-1.0,0.0,-0.953551,0.0,0.301187,0.301187,0.0,0.953551,0.0,0.999969,0.0,0.0,-1.0,0.0,0.953551,0.0,-0.301187,0.953551,0.0,-0.301187,0.301187,0.0,0.953551,0.953551,0.0,-0.301187,0.301187,0.0,0.953551,0.0,0.999969,0.0,-0.298288,-0.888577,0.34843,-0.894589,-0.32374,-0.307993,-0.001007,-0.758446,-0.651692,0.709586,-0.694174,0.120579,0.255226,-0.219733,0.941557,-0.736198,0.009186,0.676656,-0.255226,0.219733,-0.941557,0.736198,-0.009186,-0.676656,0.894589,0.32374,0.307993,0.001007,0.758446,0.651692,-0.709586,0.694174,-0.120579,0.298288,0.888577,-0.34843,-0.298288,-0.888577,0.34843,-0.894589,-0.32374,-0.307993,-0.001007,-0.758446,-0.651692,0.709586,-0.694174,0.120579,0.255226,-0.219733,0.941557,-0.736198,0.009186,0.676656,-0.255226,0.219733,-0.941557,0.736198,-0.009186,-0.676656,0.894589,0.32374,0.307993,0.001007,0.758446,0.651692,-0.709586,0.694174,-0.120579,0.298288,0.888577,-0.34843,-0.298288,-0.888577,0.34843,-0.894589,-0.32374,-0.307993,-0.001007,-0.758446,-0.651692,0.709586,-0.694174,0.120579,0.255226,-0.219733,0.941557,-0.736198,0.009186,0.676656,-0.255226,0.219733,-0.941557,0.736198,-0.009186,-0.676656,0.894589,0.32374,0.307993,0.001007,0.758446,0.651692,-0.709586,0.694174,-0.120579,0.298288,0.888577,-0.34843,0.251289,0.471114,0.845485,-0.060549,0.978484,-0.19715,-0.463698,0.077792,0.882565,-0.814905,0.548326,-0.187719,-0.577136,-0.550829,0.602893,-0.87109,-0.080203,-0.484451,0.060549,-0.978484,0.19715,-0.251289,-0.471114,-0.845485,0.814905,-0.548326,0.187719,0.463698,-0.077792,-0.882565,0.87109,0.080203,0.484451,0.577136,0.550829,-0.602893,0.251289,0.471114,0.845485,-0.060549,0.978484,-0.19715,-0.463698,0.077792,0.882565,-0.814905,0.548326,-0.187719,-0.577136,-0.550829,0.602893,-0.87109,-0.080203,-0.484451,0.060549,-0.978484,0.19715,-0.251289,-0.471114,-0.845485,0.814905,-0.548326,0.187719,0.463698,-0.077792,-0.882565,0.87109,0.080203,0.484451,0.577136,0.550829,-0.602893,0.369091,0.90463,-0.21308,0.0,0.90463,-0.426191,0.0,-0.609973,-0.792383,0.0,0.515915,-0.856624,0.686239,-0.609973,-0.396191,0.741844,0.515915,-0.428297,0.686239,-0.609973,0.396191,0.741844,0.515915,0.428297,0.0,-0.609973,0.792383,0.0,0.515915,0.856624,-0.686239,-0.609973,0.396191,-0.741844,0.515915,0.428297,-0.686239,-0.609973,-0.396191,-0.741844,0.515915,-0.428297,0.369091,0.90463,0.21308,0.0,0.90463,0.426191,-0.369091,0.90463,0.21308,-0.369091,0.90463,-0.21308,0.756615,0.486465,-0.436842,0.0,0.486465,-0.873653,0.756615,0.486465,0.436842,0.0,0.486465,0.873653,-0.756615,0.486465,0.436842,-0.756615,0.486465,-0.436842,0.799799,-0.383435,-0.461776,0.0,-0.383435,-0.923551,0.799799,-0.383435,0.461776,0.0,-0.383435,0.923551,-0.799799,-0.383435,0.461776,-0.799799,-0.383435,-0.461776,0.671407,-0.631581,-0.387646,0.0,-0.631581,-0.775292,0.671407,-0.631581,0.387646,0.0,-0.631581,0.775292,-0.671407,-0.631581,0.387646,-0.671407,-0.631581,-0.387646,0.778771,-0.437361,-0.449629,0.0,-0.437361,-0.899258,0.778771,-0.437361,0.449629,0.0,-0.437361,0.899258,-0.778771,-0.437361,0.449629,-0.778771,-0.437361,-0.449629,0.857967,-0.135868,-0.495346,0.0,-0.135868,-0.990722,0.857967,-0.135868,0.495346,0.0,-0.135868,0.990722,-0.857967,-0.135868,0.495346,-0.857967,-0.135868,-0.495346,0.761406,0.479019,-0.43672,0.010376,0.45967,-0.887997,0.765709,0.473769,0.43498,0.012177,0.44438,0.895718,-0.78753,0.409497,0.460494,-0.779931,0.421735,-0.462386,-0.111728,0.992309,0.052675,-0.043825,0.995819,0.080111,-0.108676,0.9935,-0.033326,-0.051759,0.997345,-0.051119,-0.009552,0.999756,-0.018677,-0.008026,0.998871,0.046297,0.0,1.0,0.0,0.369091,0.90463,-0.21308,0.0,0.90463,-0.426191,0.0,-0.609973,-0.792383,0.0,0.515915,-0.856624,0.686239,-0.609973,-0.396191,0.741844,0.515915,-0.428297,0.686239,-0.609973,0.396191,0.741844,0.515915,0.428297,0.0,-0.609973,0.792383,0.0,0.515915,0.856624,-0.686239,-0.609973,0.396191,-0.741844,0.515915,0.428297,-0.686239,-0.609973,-0.396191,-0.741844,0.515915,-0.428297,0.369091,0.90463,0.21308,0.0,0.90463,0.426191,-0.369091,0.90463,0.21308,-0.369091,0.90463,-0.21308,0.756615,0.486465,-0.436842,0.0,0.486465,-0.873684,0.756615,0.486465,0.436842,0.0,0.486465,0.873653,-0.756615,0.486465,0.436842,-0.756615,0.486465,-0.436842,0.799799,-0.383435,-0.461776,0.0,-0.383435,-0.923551,0.799799,-0.383435,0.461776,0.0,-0.383435,0.923551,-0.799799,-0.383435,0.461776,-0.799799,-0.383435,-0.461776,0.671407,-0.631581,-0.387646,0.0,-0.631581,-0.775292,0.671438,-0.631581,0.387646,0.0,-0.631581,0.775292,-0.671407,-0.631581,0.387646,-0.671407,-0.631581,-0.387646,0.778771,-0.437361,-0.449629,0.0,-0.437361,-0.899258,0.778771,-0.437361,0.449629,0.0,-0.437361,0.899258,-0.778771,-0.437361,0.449629,-0.778771,-0.437361,-0.449629,0.857967,-0.135868,-0.495346,0.0,-0.135868,-0.990722,0.857967,-0.135868,0.495346,0.0,-0.135868,0.990722,-0.857967,-0.135868,0.495346,-0.857967,-0.135868,-0.495346,0.761406,0.479019,-0.43672,0.010376,0.45967,-0.887997,0.765709,0.473769,0.43498,0.012177,0.44438,0.895718,-0.78753,0.409497,0.460494,-0.779931,0.421735,-0.462386,-0.111728,0.992309,0.052675,-0.043825,0.995819,0.080111,-0.108676,0.9935,-0.033326,-0.051759,0.997345,-0.051119,-0.009552,0.999756,-0.018677,-0.008026,0.998871,0.046297,0.0,1.0,0.0,0.369091,0.90463,-0.21308,0.0,0.90463,-0.426191,0.0,-0.609973,-0.792383,0.0,0.515915,-0.856624,0.686239,-0.609973,-0.396191,0.741844,0.515915,-0.428297,0.686239,-0.609973,0.396191,0.741844,0.515915,0.428297,0.0,-0.609973,0.792383,0.0,0.515915,0.856624,-0.686239,-0.609973,0.396191,-0.741844,0.515915,0.428297,-0.686239,-0.609973,-0.396191,-0.741844,0.515915,-0.428297,0.369091,0.90463,0.21308,0.0,0.90463,0.426191,-0.369091,0.90463,0.21308,-0.369091,0.90463,-0.21308,0.756615,0.486496,-0.436842,0.0,0.486465,-0.873653,0.756615,0.486496,0.436842,0.0,0.486465,0.873653,-0.756615,0.486465,0.436842,-0.756615,0.486465,-0.436842,0.799799,-0.383435,-0.461776,0.0,-0.383435,-0.923551,0.799799,-0.383435,0.461776,0.0,-0.383435,0.923551,-0.799799,-0.383435,0.461776,-0.799799,-0.383435,-0.461776,0.671407,-0.631581,-0.387646,0.0,-0.631581,-0.775292,0.671407,-0.631581,0.387646,0.0,-0.631581,0.775292,-0.671407,-0.631581,0.387646,-0.671407,-0.631581,-0.387646,0.778771,-0.437361,-0.449629,0.0,-0.437361,-0.899258,0.778771,-0.437361,0.449629,0.0,-0.437361,0.899258,-0.778771,-0.437361,0.449629,-0.778771,-0.437361,-0.449629,0.857967,-0.135868,-0.495346,0.0,-0.135868,-0.990722,0.857967,-0.135868,0.495346,0.0,-0.135868,0.990722,-0.857967,-0.135868,0.495346,-0.857967,-0.135868,-0.495346,0.761406,0.479019,-0.43672,0.010376,0.45967,-0.887997,0.765709,0.473769,0.43498,0.012177,0.44438,0.895718,-0.78753,0.409497,0.460494,-0.779931,0.421735,-0.462386,-0.111728,0.992309,0.052675,-0.043825,0.995819,0.080111,-0.108676,0.9935,-0.033326,-0.05179,0.997345,-0.051088,-0.009552,0.999756,-0.018677,-0.008026,0.998871,0.046297,0.0,0.999969,0.0,1.0,0.0,0.0,0.0,0.0,-1.0,1.0,0.0,0.0,0.999969,0.0,0.0,1.0,0.0,0.0,0.0,-0.780663,0.624897
t:0.863038,0.48765898,0.707599,0.48765898,0.508265,0.42193598,0.707599,0.176552,0.863038,0.33222097,0.707599,0.33222097,0.508265,0.014379978,0.863038,0.17632103,0.905292,0.04257101,0.533523,0.04257101,0.622211,0.223988,0.999789,0.130445,0.53596,0.48765898,0.53596,0.28451103,0.707368,0.28451103,0.707368,0.48765898,0.863038,0.176552,0.863038,0.33199,0.890679,0.057256997,0.700713,0.14512998,0.915821,0.42193598,0.915821,0.014379978,0.606226,0.057256997,0.921287,0.296704,0.707599,0.020883024,0.707599,0.17632103,0.606224,0.027463019,0.636824,0.29670298,0.863038,0.020883024,0.707599,0.33199,0.890688,0.027463019,0.985176,0.14513099,0.9053,0.10324502,0.9359,0.22398901,0.533523,0.10324502,0.912899,0.16812402,0.533523,0.042147994,0.533523,0.05768001,0.599209,0.16812402,0.905301,0.042147994,0.905299,0.05768001,0.9053,0.08067399,0.533523,0.08067399,0.912899,0.145553,0.905299,0.08025098,0.999789,0.107873976,0.533523,0.08025098,0.599209,0.145554,0.683164,0.018500984,0.683164,0.49503398,0.69995,0.495102,0.6998,0.018554986,0.691633,0.495072,0.691482,0.018525004,0.680731,0.495076,0.680581,0.018527985,0.672414,0.49504602,0.672263,0.018498003,0.664096,0.49501598,0.663946,0.018468022,0.708268,0.49513203,0.708118,0.018584013,0.674847,0.49500197,0.674847,0.018468022,0.663946,0.49500197,0.663946,0.018468022,0.7107,0.495099,0.7107,0.018566012,0.702383,0.495067,0.702383,0.018532991,0.691482,0.495067,0.691482,0.018532991,0.019488,0.22238398,0.019454,0.21059102,0.013364,0.093068,0.017048,0.10513097,0.172299,0.22206497,0.175049,0.210231,0.175642,0.088384986,0.177195,0.10690498,0.188367,0.22098899,0.183492,0.21006697,0.183371,0.088397026,0.194225,0.10714197,0.212963,0.21942902,0.21372,0.20720297,0.210776,0.08831298,0.220229,0.10718602,0.367145,0.20666099,0.367608,0.19915998,0.370492,0.09129602,0.379965,0.09959602,0.391357,0.20568103,0.394868,0.20041198,0.41073,0.081992984,0.406722,0.09386301,0.719018,0.01859802,0.719017,0.49513203,0.719019,0.018580973,0.719169,0.49512798,0.657579,0.400455,0.894968,0.400455,0.875496,0.033418,0.657579,0.39232302,0.657579,0.41683602,0.894968,0.41683602,0.875496,0.049799025,0.657579,0.375942,0.739939,0.050195992,0.957855,0.050195992,0.895502,0.465953,0.528328,0.049799025,0.746642,0.009854019,0.964561,0.009853005,0.964561,0.016242981,0.746642,0.016242981,0.888717,0.39911097,0.875499,0.39911002,0.875499,0.39271998,0.888718,0.39271998,0.895502,0.417233,0.889112,0.417233,0.752895,0.108908,0.752895,0.11529797,0.875895,0.39911097,0.875896,0.39271998,0.766114,0.11394799,0.86919,0.310444,0.766114,0.17905003,0.893665,0.24494499,0.893665,0.26132703,0.766114,0.179447,0.86919,0.342386,0.86919,0.358768,0.875892,0.24494499,0.889112,0.24494499,0.889112,0.26132703,0.888715,0.24494499,0.739542,0.11529797,0.889112,0.450392,0.739542,0.050195992,0.893665,0.43401098,0.893665,0.450392,0.868793,0.37554598,0.746642,0.016640007,0.657182,0.24494499,0.746642,0.049799025,0.657182,0.48233402,0.746642,0.033418,0.765717,0.24454898,0.746642,0.033020973,0.528328,0.24454898,0.894968,0.375942,0.528328,0.48233402,0.894968,0.39232302,0.765717,0.115695,0.875496,0.016640007,0.528328,0.24494499,0.875496,0.033020973,0.528328,0.115695,0.528328,0.033418,0.765717,0.11529797,0.984897,0.310444,0.984897,0.34004402,0.765717,0.108906984,0.739939,0.06657702,0.895231,0.358768,0.895502,0.43361402,0.882409,0.358768,0.957855,0.06657702,0.889111,0.48233402,0.657579,0.48233402,0.888715,0.48233402,0.895231,0.342386,0.889111,0.465953,0.889006,0.24454898,0.875496,0.48233402,0.895502,0.48233402,0.746245,0.033418,0.875496,0.24494499,0.895396,0.24454898,0.746245,0.049799025,0.657579,0.24494499,0.881822,0.11394799,0.984897,0.32682502,0.657579,0.39911097,0.657579,0.417233,0.888715,0.417233,0.657579,0.31004697,0.881822,0.10072899,0.657579,0.392721,0.881822,0.17905003,0.889006,0.179447,0.875496,0.417233,0.875496,0.31004697,0.895396,0.179447,0.889111,0.43361402,0.984897,0.37554598,0.984897,0.327222,0.888609,0.24454898,0.875892,0.48233402,0.882409,0.342386,0.882219,0.24454898,0.984897,0.359164,0.881822,0.24454898,0.888609,0.179447,0.875892,0.417233,0.882219,0.179447,0.881822,0.113551974,0.881822,0.179447,0.86919,0.32682502,0.528328,0.11529797,0.739939,0.08375198,0.901828,0.108998,0.528328,0.023517013,0.739939,0.100133,0.86919,0.34004402,0.766114,0.10072899,0.901934,0.455342,0.528328,0.050195992,0.528328,0.033020973,0.889006,0.108998,0.86919,0.37554598,0.86919,0.327222,0.766114,0.24454898,0.86919,0.359164,0.893559,0.17905003,0.766114,0.113551974,0.893559,0.11394799,0.889111,0.455342,0.888715,0.31004697,0.889006,0.17905003,0.882012,0.342386,0.901828,0.11355102,0.528328,0.028070986,0.739939,0.066973984,0.875893,0.31004697,0.657579,0.310444,0.739939,0.08335501,0.901934,0.45078802,0.657579,0.37554598,0.528328,0.028467,0.889006,0.11355102,0.882012,0.358768,0.889006,0.11394799,0.889111,0.45078802,0.889111,0.43401098,0.882219,0.17905003,0.951152,0.08375198,0.73954,0.023517013,0.951152,0.100133,0.882219,0.113949,0.73954,0.033020973,0.73954,0.028070986,0.951152,0.066973984,0.868793,0.310444,0.886772,0.17905003,0.951152,0.08335501,0.886772,0.113949,0.73954,0.028467,0.288599,0.413095,0.263686,0.3778,0.401971,0.401429,0.361632,0.413095,0.32901,0.40325302,0.308778,0.378927,0.401943,0.355986,0.381766,0.373734,0.336674,0.374861,0.43147,0.418051,0.431506,0.45141298,0.416738,0.443505,0.058872,0.48554498,0.033648,0.42028898,0.060007,0.47351003,0.101326,0.49235702,0.09828,0.452066,0.057959,0.40936798,0.059718,0.384781,0.102501,0.43013698,0.125087,0.417432,0.097551,0.36802602,0.058446,0.347193,0.100043,0.351399,0.288599,0.486623,0.263686,0.451329,0.401971,0.474958,0.361632,0.486623,0.32901,0.47678202,0.308778,0.452456,0.401943,0.429515,0.381766,0.447262,0.336674,0.448389,0.416703,0.344523,0.416738,0.37788498,0.401971,0.369977,0.373139,0.594405,0.266846,0.59424496,0.372364,0.61740804,0.265891,0.61773896,0.380766,0.634151,0.274024,0.635221,0.390004,0.627728,0.283166,0.629062,0.39097,0.604203,0.284319,0.605022,0.382504,0.587632,0.276129,0.58769596,0.38798,0.55006504,0.281849,0.54946,0.387016,0.573583,0.280686,0.573526,0.395511,0.59007204,0.288902,0.590779,0.405043,0.582842,0.298351,0.583777,0.406207,0.55877304,0.299725,0.559131,0.397635,0.542495,0.291436,0.542077,0.140481,0.82093596,0.102583,0.845482,0.162351,0.830043,0.102583,0.831304,0.110516,0.846084,0.110516,0.846084,0.110516,0.875645,0.11801,0.825372,0.102583,0.89042497,0.102583,0.89042497,0.09465,0.875645,0.11801,0.825372,0.09465,0.846084,0.14757,0.825372,0.106711,0.868556,0.117408,0.82093596,0.125099,0.82093596,0.098455,0.853173,0.135498,0.812619,0.138205,0.812619,0.130082,0.812619,0.127375,0.812619,0.130082,0.812619,0.135498,0.812619,0.135498,0.764714,0.138205,0.764714,0.130082,0.764714,0.127375,0.764714,0.130082,0.764714,0.135498,0.764714,0.13927,0.755732,0.145751,0.755732,0.12631,0.755732,0.119829,0.755732,0.12631,0.755732,0.13927,0.755732,0.14405,0.743755,0.15531,0.743755,0.12153,0.743755,0.11027,0.743755,0.12153,0.743755,0.14405,0.743755,0.147311,0.721466,0.161831,0.721466,0.118269,0.721466,0.103749,0.721466,0.118269,0.721466,0.147311,0.721466,0.147311,0.694852,0.116063,0.764934,0.072502,0.764934,0.057981,0.764934,0.118269,0.694852,0.147311,0.694852,0.100301,0.763719,0.113699,0.763719,0.073503,0.763719,0.060104,0.763719,0.073503,0.763719,0.100301,0.763719,0.086902,0.821604,0.140481,0.82093596,0.102583,0.845482,0.162351,0.830043,0.162351,0.825372,0.110516,0.846084,0.110516,0.846084,0.110516,0.875645,0.110516,0.875645,0.102583,0.89042497,0.103229,0.825372,0.09465,0.875645,0.11801,0.825372,0.09465,0.846084,0.09465,0.846084,0.106711,0.868556,0.117408,0.82093596,0.125099,0.82093596,0.098455,0.853173,0.135498,0.812619,0.138205,0.812619,0.130082,0.812619,0.127375,0.812619,0.130082,0.812619,0.135498,0.812619,0.135498,0.764714,0.138205,0.764714,0.130082,0.764714,0.127375,0.764714,0.130082,0.764714,0.135498,0.764714,0.13927,0.755732,0.145751,0.755732,0.12631,0.755732,0.119829,0.755732,0.12631,0.755732,0.13927,0.755732,0.14405,0.743755,0.15531,0.743755,0.12153,0.743755,0.11027,0.743755,0.12153,0.743755,0.14405,0.743755,0.147311,0.721466,0.161831,0.721466,0.118269,0.721466,0.103749,0.721466,0.118269,0.721466,0.147311,0.721466,0.147311,0.694852,0.116063,0.764934,0.072502,0.764934,0.057981,0.764934,0.118269,0.694852,0.147311,0.694852,0.100301,0.763719,0.113699,0.763719,0.073503,0.763719,0.060104,0.763719,0.073503,0.763719,0.100301,0.763719,0.086902,0.821604,0.140481,0.82093596,0.102583,0.845482,0.162351,0.830043,0.162351,0.825372,0.110516,0.846084,0.110516,0.846084,0.110516,0.875645,0.110516,0.875645,0.102583,0.89042497,0.103229,0.825372,0.09465,0.875645,0.11801,0.825372,0.09465,0.846084,0.09465,0.846084,0.106711,0.868556,0.117408,0.82093596,0.125099,0.82093596,0.098455,0.853173,0.135498,0.812619,0.138205,0.812619,0.130082,0.812619,0.127375,0.812619,0.130082,0.812619,0.135498,0.812619,0.135498,0.764714,0.138205,0.764714,0.130082,0.764714,0.127375,0.764714,0.130082,0.764714,0.135498,0.764714,0.13927,0.755732,0.145751,0.755732,0.12631,0.755732,0.119829,0.755732,0.12631,0.755732,0.13927,0.755732,0.14405,0.743755,0.15531,0.743755,0.12153,0.743755,0.11027,0.743755,0.12153,0.743755,0.14405,0.743755,0.147311,0.721466,0.161831,0.721466,0.118269,0.721466,0.103749,0.721466,0.118269,0.721466,0.147311,0.721466,0.147311,0.694852,0.116063,0.764934,0.072502,0.764934,0.057981,0.764934,0.118269,0.694852,0.147311,0.694852,0.100301,0.763719,0.113699,0.763719,0.073503,0.763719,0.060104,0.763719,0.073503,0.763719,0.100301,0.763719,0.086902,0.821604,0.176655,0.09732199,0.017669,0.090736985,0.185989,0.09742099,0.218479,0.09868097,0.378842,0.09014702,0.396496,0.09188497
i:40,37,44,30,26,39,0,4,5,20,21,6,24,25,28,17,16,3,22,18,9,19,31,32,27,23,33,12,15,13,34,32,41,32,11,45,38,35,47,66,67,68,50,51,53,52,53,55,68,69,70,62,63,65,54,55,57,70,71,49,49,48,63,56,57,58,60,61,50,99,98,60,97,96,67,104,105,101,146,106,102,152,107,154,156,144,158,151,149,155,157,153,147,179,182,188,115,114,113,116,119,124,109,108,169,110,174,170,111,181,178,185,117,118,161,164,122,175,180,195,171,176,186,120,121,167,202,199,207,208,189,217,172,187,200,191,183,126,166,173,168,213,221,242,130,129,136,197,203,222,184,162,127,204,209,224,163,198,223,134,236,230,132,133,243,237,240,143,226,228,231,229,218,245,219,211,140,251,247,256,246,139,142,214,234,253,241,220,252,212,215,248,235,238,257,260,261,262,261,260,265,260,262,263,260,263,264,260,264,265,261,265,270,262,261,266,263,262,267,264,263,268,265,264,269,261,270,266,262,266,267,263,267,268,264,268,269,265,269,270,266,270,271,267,266,271,268,267,271,269,268,271,270,269,271,272,273,274,273,272,277,272,274,275,272,275,276,272,276,277,273,277,282,274,273,278,275,274,279,276,275,280,277,276,281,273,282,278,274,278,279,275,279,280,276,280,281,277,281,282,278,282,283,279,278,283,280,279,283,281,280,283,282,281,283,284,285,286,285,284,289,284,286,287,284,287,288,284,288,289,285,289,294,286,285,290,287,286,291,288,287,292,289,288,293,285,294,290,286,290,291,287,291,292,288,292,293,289,293,294,290,294,295,291,290,295,292,291,295,293,292,295,294,293,295,296,297,298,298,299,300,300,301,302,302,303,304,301,305,303,306,307,296,304,305,306,296,298,306,308,309,310,310,311,312,312,313,314,314,315,316,313,317,315,318,319,308,316,317,318,308,310,318,334,320,338,333,331,337,322,323,325,321,337,339,325,323,321,324,325,327,341,340,346,327,325,320,326,327,329,331,329,336,320,321,338,328,329,330,329,327,334,332,333,322,330,331,332,335,334,340,323,333,337,322,324,332,336,335,341,337,336,343,347,346,352,338,339,345,339,343,345,342,341,348,340,338,344,343,342,349,353,352,359,344,345,350,345,349,355,348,347,354,346,344,350,349,348,355,361,360,367,350,351,357,351,355,357,354,353,360,352,350,356,355,354,361,367,366,373,359,358,364,356,357,362,357,361,367,360,359,366,358,356,362,373,372,378,365,364,370,362,363,369,363,367,369,366,365,372,364,362,368,371,370,376,368,369,374,369,373,379,372,371,378,370,368,374,379,378,380,377,376,380,374,375,380,375,379,380,378,377,380,376,374,380,395,381,399,394,392,398,383,384,386,382,398,400,386,384,382,385,386,388,402,401,407,388,386,381,387,388,390,392,390,397,381,382,399,389,390,391,390,388,396,393,394,383,391,392,393,396,395,401,384,394,382,383,385,393,397,396,403,398,397,404,408,407,413,399,400,406,400,404,406,403,402,409,401,399,405,404,403,410,414,413,419,405,406,411,406,410,416,409,408,415,407,405,411,410,409,416,422,421,428,411,412,418,412,416,422,415,414,421,413,411,417,416,415,422,428,427,434,420,419,425,417,418,424,418,422,424,421,420,427,419,417,423,434,433,439,426,425,431,423,424,430,424,428,430,427,426,433,425,423,429,432,431,437,429,430,435,430,434,440,433,432,439,431,429,435,440,439,441,438,437,441,435,436,441,436,440,441,439,438,441,437,435,441,456,442,460,455,453,459,444,445,447,443,459,461,447,445,443,446,447,449,463,462,468,449,447,442,448,449,451,453,451,458,442,443,460,450,451,452,451,449,457,454,455,444,452,453,454,457,456,462,445,455,443,444,446,454,458,457,463,459,458,465,469,468,474,460,461,467,461,465,467,464,463,470,462,460,466,465,464,471,475,474,481,466,467,472,467,471,477,470,469,476,468,466,472,471,470,477,483,482,489,472,473,479,473,477,479,476,475,482,474,472,478,477,476,483,489,488,495,481,480,486,478,479,484,479,483,485,482,481,488,480,478,484,495,494,500,487,486,492,484,485,491,485,489,491,488,487,494,486,484,490,493,492,498,490,491,496,491,495,501,494,493,500,492,490,496,501,500,502,499,498,502,496,497,502,497,501,502,500,499,502,498,496,502,37,46,44,26,36,39,1,0,5,2,20,6,25,7,28,29,17,3,18,8,9,31,11,32,10,27,33,15,14,13,42,34,41,41,32,45,35,43,47,67,69,68,52,50,53,54,52,55,69,71,70,64,62,65,56,54,57,71,48,49,62,49,63,57,59,58,61,51,50,98,61,60,66,97,67,100,104,101,148,146,102,107,103,154,144,150,158,159,151,155,145,157,147,194,179,188,112,115,113,119,125,124,108,165,169,177,110,170,160,111,178,190,185,118,123,161,122,192,175,195,176,193,186,121,196,167,199,205,207,227,208,217,187,206,200,128,191,126,173,201,168,233,213,242,129,135,136,203,225,222,210,184,127,209,131,224,216,163,223,137,134,230,232,132,243,255,237,143,228,244,231,218,239,245,211,138,140,258,251,256,141,246,142,249,214,253,259,241,252,215,250,248,254,235,257,297,299,298,299,301,300,301,303,302,303,305,304,301,299,305,299,297,305,297,307,305,307,297,296,305,307,306,298,300,306,300,302,304,306,300,304,309,311,310,311,313,312,313,315,314,315,317,316,313,319,317,311,309,313,309,319,313,319,309,308,317,319,318,310,312,318,312,314,316,318,312,316,340,334,338,331,336,337,324,322,325,337,343,339,320,325,321,326,324,327,347,341,346,334,327,320,328,326,329,329,335,336,321,339,338,329,331,330,335,329,334,333,323,322,331,333,332,341,335,340,321,323,337,324,326,332,326,328,330,332,326,330,342,336,341,336,342,343,353,347,352,344,338,345,343,349,345,341,347,348,346,340,344,342,348,349,352,358,359,345,351,350,351,345,355,347,353,354,352,346,350,348,354,355,360,366,367,356,350,357,355,361,357,353,359,360,358,352,356,354,360,361,366,372,373,365,359,364,357,363,362,363,357,367,359,365,366,364,358,362,379,373,378,371,365,370,368,362,369,367,373,369,365,371,372,370,364,368,377,371,376,369,375,374,375,369,379,371,377,378,376,370,374,401,395,399,392,397,398,385,383,386,398,404,400,381,386,382,387,385,388,408,402,407,395,388,381,389,387,390,390,396,397,382,400,399,390,392,391,388,395,396,394,384,383,392,394,393,402,396,401,394,398,382,385,387,393,387,389,391,393,387,391,396,402,403,397,403,404,414,408,413,405,399,406,404,410,406,402,408,409,407,401,405,403,409,410,420,414,419,406,412,411,412,406,416,408,414,415,413,407,411,409,415,416,421,427,428,417,411,418,418,412,422,414,420,421,419,413,417,415,421,422,427,433,434,426,420,425,423,417,424,422,428,424,420,426,427,425,419,423,440,434,439,432,426,431,429,423,430,428,434,430,426,432,433,431,425,429,438,432,437,430,436,435,436,430,440,432,438,439,437,431,435,462,456,460,453,458,459,446,444,447,459,465,461,442,447,443,448,446,449,469,463,468,456,449,442,450,448,451,451,457,458,443,461,460,451,453,452,449,456,457,455,445,444,453,455,454,463,457,462,455,459,443,446,448,454,448,450,452,454,448,452,464,458,463,458,464,465,475,469,474,466,460,467,465,471,467,463,469,470,468,462,466,464,470,471,474,480,481,467,473,472,473,467,477,469,475,476,474,468,472,470,476,477,482,488,489,478,472,479,477,483,479,475,481,482,480,474,478,476,482,483,488,494,495,487,481,486,479,485,484,483,489,485,481,487,488,486,480,484,501,495,500,493,487,492,490,484,491,489,495,491,487,493,494,492,486,490,499,493,498,491,497,496,497,491,501,493,499,500,498,492,496,503,79,75,77,78,73,79,76,72,76,77,72,76,79,83,80,83,87,79,503,505,78,77,82,77,76,80,84,87,91,81,80,84,82,81,86,83,505,506,88,91,92,86,85,90,87,506,91,85,84,89,95,94,92,89,88,93,90,89,93,91,507,95,74,503,75,78,504,73,75,79,72,77,73,72,80,76,83,84,80,87,83,79,505,77,81,82,81,77,80,88,84,91,85,81,84,81,85,86,87,83,506,91,95,92,85,89,90,506,507,91,84,88,89,94,93,92,88,92,93,508,90,93,507,94,95
i:40,37,44,30,26,39,0,4,5,20,21,6,24,25,28,17,16,3,22,18,9,19,31,32,27,23,33,12,15,13,34,32,41,32,11,45,38,35,47,66,67,68,50,51,53,52,53,55,68,69,70,62,63,65,54,55,57,70,71,49,49,48,63,56,57,58,60,61,50,99,98,60,97,96,67,104,105,101,146,106,102,152,107,154,156,144,158,151,149,155,157,153,147,179,182,188,115,114,113,116,119,124,109,108,169,110,174,170,111,181,178,185,117,118,161,164,122,175,180,195,171,176,186,120,121,167,202,199,207,208,189,217,172,187,200,191,183,126,166,173,168,213,221,242,130,129,136,197,203,222,184,162,127,204,209,224,163,198,223,134,236,230,132,133,243,237,240,143,226,228,231,229,218,245,219,211,140,251,247,256,246,139,142,214,234,253,241,220,252,212,215,248,235,238,257,260,261,262,261,260,265,260,262,263,260,263,264,260,264,265,261,265,270,262,261,266,263,262,267,264,263,268,265,264,269,261,270,266,262,266,267,263,267,268,264,268,269,265,269,270,266,270,271,267,266,271,268,267,271,269,268,271,270,269,271,272,273,274,273,272,277,272,274,275,272,275,276,272,276,277,273,277,282,274,273,278,275,274,279,276,275,280,277,276,281,273,282,278,274,278,279,275,279,280,276,280,281,277,281,282,278,282,283,279,278,283,280,279,283,281,280,283,282,281,283,284,285,286,285,284,289,284,286,287,284,287,288,284,288,289,285,289,294,286,285,290,287,286,291,288,287,292,289,288,293,285,294,290,286,290,291,287,291,292,288,292,293,289,293,294,290,294,295,291,290,295,292,291,295,293,292,295,294,293,295,296,297,298,298,299,300,300,301,302,302,303,304,301,305,303,306,307,296,304,305,306,296,298,306,308,309,310,310,311,312,312,313,314,314,315,316,313,317,315,318,319,308,316,317,318,308,310,318,334,320,338,333,331,337,321,337,339,325,323,321,341,340,346,327,325,320,331,329,336,320,321,338,329,327,334,335,334,340,323,333,337,323,325,333,336,335,341,337,336,343,347,346,352,338,339,345,339,343,345,342,341,348,340,338,344,343,342,349,353,352,359,344,345,350,345,349,355,348,347,354,346,344,350,349,348,355,361,360,367,350,351,357,351,355,357,354,353,360,352,350,356,355,354,361,367,366,379,359,358,364,356,357,362,357,361,367,360,359,366,358,356,362,365,364,376,362,363,375,363,367,375,366,365,378,364,362,368,379,378,380,371,376,380,368,375,380,375,379,380,378,371,380,376,368,380,395,381,399,394,392,398,382,398,400,386,384,382,402,401,407,388,386,381,392,390,397,381,382,399,390,388,396,396,395,401,384,394,382,384,386,394,397,396,403,398,397,404,408,407,413,399,400,406,400,404,406,403,402,409,401,399,405,404,403,410,414,413,419,405,406,411,406,410,416,409,408,415,407,405,411,410,409,416,422,421,428,411,412,418,412,416,422,415,414,421,413,411,417,416,415,422,428,427,440,420,419,425,417,418,424,418,422,424,421,420,427,419,417,423,426,425,437,423,424,436,424,428,436,427,426,439,425,423,429,440,439,441,432,437,441,429,436,441,436,440,441,439,432,441,437,429,441,456,442,460,455,453,459,443,459,461,447,445,443,446,447,449,463,462,468,449,447,442,448,449,451,453,451,458,442,443,460,450,451,452,451,449,457,454,455,445,452,453,454,457,456,462,445,455,443,445,446,454,458,457,463,459,458,465,469,468,474,460,461,467,461,465,467,464,463,470,462,460,466,465,464,471,475,474,481,466,467,472,467,471,477,470,469,476,468,466,472,471,470,477,483,482,489,472,473,479,473,477,479,476,475,482,474,472,478,477,476,483,489,488,501,481,480,486,478,479,484,479,483,485,482,481,488,480,478,484,487,486,498,484,485,497,485,489,497,488,487,500,486,484,490,501,500,502,493,498,502,490,497,502,497,501,502,500,493,502,498,490,502,37,46,44,26,36,39,1,0,5,2,20,6,25,7,28,29,17,3,18,8,9,31,11,32,10,27,33,15,14,13,42,34,41,41,32,45,35,43,47,67,69,68,52,50,53,54,52,55,69,71,70,64,62,65,56,54,57,71,48,49,62,49,63,57,59,58,61,51,50,98,61,60,66,97,67,100,104,101,148,146,102,107,103,154,144,150,158,159,151,155,145,157,147,194,179,188,112,115,113,119,125,124,108,165,169,177,110,170,160,111,178,190,185,118,123,161,122,192,175,195,176,193,186,121,196,167,199,205,207,227,208,217,187,206,200,128,191,126,173,201,168,233,213,242,129,135,136,203,225,222,210,184,127,209,131,224,216,163,223,137,134,230,232,132,243,255,237,143,228,244,231,218,239,245,211,138,140,258,251,256,141,246,142,249,214,253,259,241,252,215,250,248,254,235,257,297,299,298,299,301,300,301,303,302,303,305,304,301,299,305,299,297,305,297,307,305,307,297,296,305,307,306,298,300,306,300,302,304,306,300,304,309,311,310,311,313,312,313,315,314,315,317,316,313,319,317,311,309,313,309,319,313,319,309,308,317,319,318,310,312,318,312,314,316,318,312,316,340,334,338,331,336,337,337,343,339,320,325,321,347,341,346,334,327,320,329,335,336,321,339,338,335,329,334,341,335,340,321,323,337,325,327,333,327,329,331,333,327,331,342,336,341,336,342,343,353,347,352,344,338,345,343,349,345,341,347,348,346,340,344,342,348,349,352,358,359,345,351,350,351,345,355,347,353,354,352,346,350,348,354,355,360,366,367,356,350,357,355,361,357,353,359,360,358,352,356,354,360,361,366,378,379,365,359,364,357,363,362,363,357,367,359,365,366,364,358,362,371,365,376,368,362,375,367,379,375,365,371,378,376,364,368,401,395,399,392,397,398,398,404,400,381,386,382,408,402,407,395,388,381,390,396,397,382,400,399,388,395,396,402,396,401,394,398,382,386,388,394,388,390,392,394,388,392,396,402,403,397,403,404,414,408,413,405,399,406,404,410,406,402,408,409,407,401,405,403,409,410,420,414,419,406,412,411,412,406,416,408,414,415,413,407,411,409,415,416,421,427,428,417,411,418,418,412,422,414,420,421,419,413,417,415,421,422,427,439,440,426,420,425,423,417,424,422,428,424,420,426,427,425,419,423,432,426,437,429,423,436,428,440,436,426,432,439,437,425,429,462,456,460,453,458,459,446,445,447,459,465,461,442,447,443,448,446,449,469,463,468,456,449,442,450,448,451,451,457,458,443,461,460,451,453,452,449,456,457,453,455,454,463,457,462,455,459,443,446,448,454,448,450,452,454,448,452,464,458,463,458,464,465,475,469,474,466,460,467,465,471,467,463,469,470,468,462,466,464,470,471,474,480,481,467,473,472,473,467,477,469,475,476,474,468,472,470,476,477,482,488,489,478,472,479,477,483,479,475,481,482,480,474,478,476,482,483,488,500,501,487,481,486,479,485,484,483,489,485,481,487,488,486,480,484,493,487,498,490,484,497,489,501,497,487,493,500,498,486,490,503,79,75,77,78,73,79,76,72,76,77,72,76,79,83,80,83,87,79,503,505,78,77,82,77,76,80,84,87,91,81,80,84,82,81,86,83,505,506,88,91,92,86,85,90,87,506,91,85,84,89,95,94,92,89,88,93,90,89,93,91,507,95,74,503,75,78,504,73,75,79,72,77,73,72,80,76,83,84,80,87,83,79,505,77,81,82,81,77,80,88,84,91,85,81,84,81,85,86,87,83,506,91,95,92,85,89,90,506,507,91,84,88,89,94,93,92,88,92,93,508,90,93,507,94,95
i:40,37,44,30,26,39,0,4,5,20,21,6,24,25,28,17,16,3,22,18,9,19,31,32,27,23,33,12,15,13,34,32,41,32,11,45,38,35,47,66,67,68,50,51,53,52,53,55,68,69,70,62,63,65,54,55,57,70,71,49,49,48,63,56,57,58,60,61,50,99,98,60,97,96,67,104,105,101,146,106,102,152,107,154,156,144,158,151,149,155,157,153,147,179,182,188,115,114,113,116,119,124,109,108,169,110,174,170,111,181,178,185,117,118,161,164,122,175,180,195,171,176,186,120,121,167,202,199,207,208,189,217,172,187,200,191,183,126,166,173,168,213,221,242,130,129,136,197,203,222,184,162,127,204,209,224,163,198,223,134,236,230,132,133,243,237,240,143,226,228,231,229,218,245,219,211,140,251,247,256,246,139,142,214,234,253,241,220,252,212,215,248,235,238,257,260,261,262,261,260,265,260,262,263,260,263,264,260,264,265,261,265,270,262,261,266,263,262,267,264,263,268,265,264,269,261,270,266,262,266,267,263,267,268,264,268,269,265,269,270,266,270,271,267,266,271,268,267,271,269,268,271,270,269,271,272,273,274,273,272,277,272,274,275,272,275,276,272,276,277,273,277,282,274,273,278,275,274,279,276,275,280,277,276,281,273,282,278,274,278,279,275,279,280,276,280,281,277,281,282,278,282,283,279,278,283,280,279,283,281,280,283,282,281,283,284,285,286,285,284,289,284,286,287,284,287,288,284,288,289,285,289,294,286,285,290,287,286,291,288,287,292,289,288,293,285,294,290,286,290,291,287,291,292,288,292,293,289,293,294,290,294,295,291,290,295,292,291,295,293,292,295,294,293,295,296,297,298,298,299,300,300,301,302,302,303,304,301,305,303,306,307,296,304,305,306,296,298,306,308,309,310,310,311,312,312,313,314,314,315,316,313,317,315,318,319,308,316,317,318,308,310,318,334,320,339,333,331,337,321,337,339,325,323,321,341,339,345,327,325,320,331,329,336,320,321,339,329,327,334,335,334,339,323,333,337,323,325,333,336,335,341,337,336,341,347,345,352,339,341,345,353,352,359,345,347,355,361,360,367,350,351,357,351,355,357,354,353,360,352,350,356,355,354,361,367,366,379,359,358,364,356,357,362,357,361,367,360,359,366,358,356,362,365,364,376,362,363,375,363,367,375,366,365,378,364,362,368,379,378,380,371,376,380,368,375,380,375,379,380,378,371,380,376,368,380,395,381,400,394,392,398,382,398,400,386,384,382,388,386,381,392,390,397,381,382,400,390,388,396,396,395,400,384,394,382,384,386,394,397,396,403,398,397,403,400,403,406,403,400,409,414,413,419,406,409,416,409,406,415,422,421,428,411,412,418,412,416,422,415,414,421,413,411,417,416,415,422,428,427,440,420,419,425,417,418,424,418,422,424,421,420,427,419,417,423,426,425,437,423,424,436,424,428,436,427,426,439,425,423,429,440,439,441,432,437,441,429,436,441,436,440,441,439,432,441,437,429,441,456,442,465,455,453,459,443,459,465,447,445,443,449,447,442,453,451,458,442,443,465,451,449,457,457,456,465,445,455,443,445,447,455,458,457,465,459,458,465,475,474,481,483,482,489,472,473,479,473,477,479,476,475,482,474,472,478,477,476,483,489,488,501,481,480,486,478,479,484,479,483,485,482,481,488,480,478,484,487,486,498,484,485,497,485,489,497,488,487,500,486,484,490,501,500,502,493,498,502,490,497,502,497,501,502,500,493,502,498,490,502,37,46,44,26,36,39,1,0,5,2,20,6,25,7,28,29,17,3,18,8,9,31,11,32,10,27,33,15,14,13,42,34,41,41,32,45,35,43,47,67,69,68,52,50,53,54,52,55,69,71,70,64,62,65,56,54,57,71,48,49,62,49,63,57,59,58,61,51,50,98,61,60,66,97,67,100,104,101,148,146,102,107,103,154,144,150,158,159,151,155,145,157,147,194,179,188,112,115,113,119,125,124,108,165,169,177,110,170,160,111,178,190,185,118,123,161,122,192,175,195,176,193,186,121,196,167,199,205,207,227,208,217,187,206,200,128,191,126,173,201,168,233,213,242,129,135,136,203,225,222,210,184,127,209,131,224,216,163,223,137,134,230,232,132,243,255,237,143,228,244,231,218,239,245,211,138,140,258,251,256,141,246,142,249,214,253,259,241,252,215,250,248,254,235,257,297,299,298,299,301,300,301,303,302,303,305,304,301,299,305,299,297,305,297,307,305,307,297,296,305,307,306,298,300,306,300,302,304,306,300,304,309,311,310,311,313,312,313,315,314,315,317,316,313,319,317,311,309,313,309,319,313,319,309,308,317,319,318,310,312,318,312,314,316,318,312,316,331,336,337,337,341,339,320,325,321,347,341,345,334,327,320,329,335,336,335,329,334,341,335,339,321,323,337,325,327,333,327,329,331,333,327,331,353,347,352,341,347,345,352,358,359,345,351,350,351,345,355,347,353,354,352,345,350,347,354,355,360,366,367,356,350,357,355,361,357,353,359,360,358,352,356,354,360,361,366,378,379,365,359,364,357,363,362,363,357,367,359,365,366,364,358,362,371,365,376,368,362,375,367,379,375,365,371,378,376,364,368,392,397,398,398,403,400,381,386,382,395,388,381,390,396,397,388,395,396,394,398,382,386,388,394,388,390,392,394,388,392,396,400,403,414,406,413,403,409,406,400,406,409,420,414,419,406,412,411,412,406,416,406,414,415,413,406,411,409,415,416,421,427,428,417,411,418,418,412,422,414,420,421,419,413,417,415,421,422,427,439,440,426,420,425,423,417,424,422,428,424,420,426,427,425,419,423,432,426,437,429,423,436,428,440,436,426,432,439,437,425,429,453,458,459,442,447,443,456,449,442,451,457,458,449,456,457,455,459,443,447,449,455,449,451,453,455,449,453,475,471,474,474,480,481,471,473,472,473,471,477,471,475,476,474,471,472,471,476,477,482,488,489,478,472,479,477,483,479,475,481,482,480,474,478,476,482,483,488,500,501,487,481,486,479,485,484,483,489,485,481,487,488,486,480,484,493,487,498,490,484,497,489,501,497,487,493,500,498,486,490,503,79,75,77,78,73,79,76,72,76,77,72,76,79,83,80,83,87,79,503,505,78,77,82,77,76,80,84,87,91,81,80,84,82,81,86,83,505,506,88,91,92,86,85,90,87,506,91,85,84,89,95,94,92,89,88,93,90,89,93,91,507,95,74,503,75,78,504,73,75,79,72,77,73,72,80,76,83,84,80,87,83,79,505,77,81,82,81,77,80,88,84,91,85,81,84,81,85,86,87,83,506,91,95,92,85,89,90,506,507,91,84,88,89,94,93,92,88,92,93,508,90,93,507,94,95
i:40,37,44,30,26,39,0,4,5,20,21,6,24,25,28,17,16,3,22,18,9,19,31,32,27,23,33,12,15,13,34,32,41,32,11,45,38,35,47,66,67,68,50,51,53,52,53,55,68,69,70,62,63,65,54,55,57,70,71,49,49,48,63,56,57,58,60,61,50,99,98,60,97,96,67,104,105,101,146,106,102,152,107,154,156,144,158,151,149,155,157,153,147,179,182,188,115,114,113,109,108,169,110,174,170,111,181,178,185,117,118,175,180,195,171,176,186,120,121,167,202,199,207,191,183,126,197,203,222,184,162,127,204,209,224,237,240,143,219,211,140,214,234,253,241,220,252,212,215,248,235,238,257,260,261,262,261,260,265,260,262,263,260,263,264,260,264,265,261,265,270,262,261,266,263,262,267,264,263,268,265,264,269,261,270,266,262,266,267,263,267,268,264,268,269,265,269,270,266,270,271,267,266,271,268,267,271,269,268,271,270,269,271,272,273,274,273,272,277,272,274,275,272,275,276,272,276,277,273,277,282,274,273,278,275,274,279,276,275,280,277,276,281,273,282,278,274,278,279,275,279,280,276,280,281,277,281,282,278,282,283,279,278,283,280,279,283,281,280,283,282,281,283,284,285,286,285,284,289,284,286,287,284,287,288,284,288,289,285,289,294,286,285,290,287,286,291,288,287,292,289,288,293,285,294,290,286,290,291,287,291,292,288,292,293,289,293,294,290,294,295,291,290,295,292,291,295,293,292,295,294,293,295,296,297,298,298,299,300,300,301,302,302,303,304,301,305,303,306,307,296,304,305,306,296,298,306,308,309,310,310,311,312,312,313,314,314,315,316,313,317,315,318,319,308,316,317,318,308,310,318,334,320,339,333,331,337,321,337,339,325,323,321,327,325,320,331,329,336,320,321,339,329,327,334,335,334,339,323,333,337,323,325,333,336,335,339,337,336,339,353,352,359,361,360,367,350,351,357,351,355,357,354,353,360,352,350,356,355,354,361,367,366,379,359,358,364,356,357,362,357,361,367,360,359,366,358,356,362,365,364,376,362,363,375,363,367,375,366,365,378,364,362,368,379,378,380,371,376,380,368,375,380,375,379,380,378,371,380,376,368,380,395,381,403,394,392,398,382,398,403,386,384,382,388,386,381,392,390,397,381,382,403,390,388,396,396,395,403,384,394,382,384,386,394,397,396,403,398,397,403,414,413,419,422,421,428,411,412,418,412,416,422,415,414,421,413,411,417,416,415,422,428,427,440,420,419,425,417,418,424,418,422,424,421,420,427,419,417,423,426,425,437,423,424,436,424,428,436,427,426,439,425,423,429,440,439,441,432,437,441,429,436,441,436,440,441,439,432,441,437,429,441,456,442,465,455,453,459,443,459,465,447,445,443,449,447,442,453,451,458,442,443,465,451,449,457,457,456,465,445,455,443,445,447,455,458,457,465,459,458,465,475,474,481,483,482,489,472,473,479,473,477,479,476,475,482,474,472,478,477,476,483,489,488,501,481,480,486,478,479,484,479,483,485,482,481,488,480,478,484,487,486,498,484,485,497,485,489,497,488,487,500,486,484,490,501,500,502,493,498,502,490,497,502,497,501,502,500,493,502,498,490,502,37,46,44,26,36,39,1,0,5,2,20,6,25,7,28,29,17,3,18,8,9,31,11,32,10,27,33,15,14,13,42,34,41,41,32,45,35,43,47,67,69,68,52,50,53,54,52,55,69,71,70,64,62,65,56,54,57,71,48,49,62,49,63,57,59,58,61,51,50,98,61,60,66,97,67,100,104,101,148,146,102,107,103,154,144,150,158,159,151,155,145,157,147,194,179,188,112,115,113,108,165,169,177,110,170,160,111,178,190,185,118,192,175,195,176,193,186,121,196,167,199,205,207,128,191,126,203,225,222,210,184,127,209,131,224,255,237,143,211,138,140,141,246,142,249,214,253,259,241,252,215,250,248,254,235,257,297,299,298,299,301,300,301,303,302,303,305,304,301,299,305,299,297,305,297,307,305,307,297,296,305,307,306,298,300,306,300,302,304,306,300,304,309,311,310,311,313,312,313,315,314,315,317,316,313,319,317,311,309,313,309,319,313,319,309,308,317,319,318,310,312,318,312,314,316,318,312,316,331,336,337,320,325,321,334,327,320,329,335,336,335,329,334,321,323,337,325,327,333,327,329,331,333,327,331,353,345,352,352,358,359,345,351,350,351,345,355,345,353,354,352,345,350,345,354,355,360,366,367,356,350,357,355,361,357,353,359,360,358,352,356,354,360,361,366,378,379,365,359,364,357,363,362,363,357,367,359,365,366,364,358,362,371,365,376,368,362,375,367,379,375,365,371,378,376,364,368,392,397,398,381,386,382,395,388,381,390,396,397,388,395,396,394,398,382,386,388,394,388,390,392,394,388,392,414,409,413,420,414,419,409,412,411,412,409,416,409,414,415,413,409,411,409,415,416,421,427,428,417,411,418,418,412,422,414,420,421,419,413,417,415,421,422,427,439,440,426,420,425,423,417,424,422,428,424,420,426,427,425,419,423,432,426,437,429,423,436,428,440,436,426,432,439,437,425,429,453,458,459,442,447,443,456,449,442,451,457,458,449,456,457,455,459,443,447,449,455,449,451,453,455,449,453,475,471,474,474,480,481,471,473,472,473,471,477,471,475,476,474,471,472,471,476,477,482,488,489,478,472,479,477,483,479,475,481,482,480,474,478,476,482,483,488,500,501,487,481,486,479,485,484,483,489,485,481,487,488,486,480,484,493,487,498,490,484,497,489,501,497,487,493,500,498,486,490,503,79,75,77,78,73,79,76,72,76,77,72,76,79,83,80,83,87,79,503,505,78,77,82,77,76,80,84,87,91,81,80,84,82,81,86,83,505,506,88,91,92,86,85,90,87,506,91,85,84,89,95,94,92,89,88,93,90,89,93,91,507,95,74,503,75,78,504,73,75,79,72,77,73,72,80,76,83,84,80,87,83,79,505,77,81,82,81,77,80,88,84,91,85,81,84,81,85,86,87,83,506,91,95,92,85,89,90,506,507,91,84,88,89,94,93,92,88,92,93,508,90,93,507,94,95
i:40,37,44,30,26,39,0,4,5,20,21,6,24,25,28,17,16,3,22,18,9,19,31,32,27,23,33,12,15,13,34,32,41,32,11,45,38,35,47,66,67,68,50,51,53,52,53,55,68,69,70,62,63,65,54,55,57,70,71,49,49,48,63,56,57,58,60,61,50,99,98,60,97,96,67,151,149,155,157,153,147,179,182,188,115,114,113,185,117,118,175,180,195,171,176,186,202,199,207,191,183,126,204,209,224,237,240,143,219,211,140,260,261,262,261,260,265,260,262,263,260,263,264,260,264,265,261,265,270,262,261,266,263,262,267,264,263,268,265,264,269,261,270,266,262,266,267,263,267,268,264,268,269,265,269,270,266,270,271,267,266,271,268,267,271,269,268,271,270,269,271,272,273,274,273,272,277,272,274,275,272,275,276,272,276,277,273,277,282,274,273,278,275,274,279,276,275,280,277,276,281,273,282,278,274,278,279,275,279,280,276,280,281,277,281,282,278,282,283,279,278,283,280,279,283,281,280,283,282,281,283,284,285,286,285,284,289,284,286,287,284,287,288,284,288,289,285,289,294,286,285,290,287,286,291,288,287,292,289,288,293,285,294,290,286,290,291,287,291,292,288,292,293,289,293,294,290,294,295,291,290,295,292,291,295,293,292,295,294,293,295,296,297,298,298,299,300,300,301,302,302,303,304,301,305,303,306,307,296,304,305,306,296,298,306,308,309,310,310,311,312,312,313,314,314,315,316,313,317,315,318,319,308,316,317,318,308,310,318,334,320,339,333,331,337,321,337,339,325,323,321,327,325,320,331,329,336,320,321,339,329,327,334,335,334,339,323,333,337,323,325,333,336,335,339,337,336,339,353,352,359,361,360,367,350,351,357,351,355,357,354,353,360,352,350,356,355,354,361,367,366,379,359,358,364,356,357,362,357,361,367,360,359,366,358,356,362,365,364,376,362,363,375,363,367,375,366,365,378,364,362,368,379,378,380,371,376,380,368,375,380,375,379,380,378,371,380,376,368,380,395,381,403,394,392,398,382,398,403,386,384,382,388,386,381,392,390,397,381,382,403,390,388,396,396,395,403,384,394,382,384,386,394,397,396,403,398,397,403,414,413,419,422,421,428,411,412,418,412,416,422,409,414,421,413,411,417,416,409,422,428,427,440,420,419,425,417,418,424,418,422,424,421,420,427,419,417,423,426,425,437,423,424,436,424,428,436,427,426,439,425,423,429,440,439,441,432,437,441,429,436,441,436,440,441,439,432,441,437,429,441,456,442,465,455,453,459,443,459,465,447,445,443,449,447,442,453,451,458,442,443,465,451,449,457,457,456,465,445,455,443,445,447,455,458,457,465,459,458,465,475,474,481,483,482,489,472,473,479,473,477,479,476,475,482,474,472,478,477,476,483,489,488,501,481,480,486,478,479,484,479,483,485,482,481,488,480,478,484,487,486,498,484,485,497,485,489,497,488,487,500,486,484,490,501,500,502,493,498,502,490,497,502,497,501,502,500,493,502,498,490,502,37,46,44,26,36,39,1,0,5,2,20,6,25,7,28,29,17,3,18,8,9,31,11,32,10,27,33,15,14,13,42,34,41,41,32,45,35,43,47,67,69,68,52,50,53,54,52,55,69,71,70,64,62,65,56,54,57,71,48,49,62,49,63,57,59,58,61,51,50,98,61,60,66,97,67,159,151,155,145,157,147,194,179,188,112,115,113,190,185,118,192,175,195,176,193,186,199,205,207,128,191,126,209,131,224,255,237,143,211,138,140,254,238,257,297,299,298,299,301,300,301,303,302,303,305,304,301,299,305,299,297,305,297,307,305,307,297,296,305,307,306,298,300,306,300,302,304,306,300,304,309,311,310,311,313,312,313,315,314,315,317,316,313,319,317,311,309,313,309,319,313,319,309,308,317,319,318,310,312,318,312,314,316,318,312,316,331,336,337,320,325,321,334,327,320,329,335,336,335,329,334,321,323,337,325,327,333,327,329,331,333,327,331,353,351,352,352,358,359,351,353,354,352,351,350,351,354,355,360,366,367,356,350,357,355,361,357,353,359,360,358,352,356,354,360,361,366,378,379,365,359,364,357,363,362,363,357,367,359,365,366,364,358,362,371,365,376,368,362,375,367,379,375,365,371,378,376,364,368,392,397,398,381,386,382,395,388,381,390,396,397,388,395,396,394,398,382,386,388,394,388,390,392,394,388,392,414,409,413,420,414,419,409,412,411,412,409,416,413,409,411,421,427,428,417,411,418,418,412,422,414,420,421,419,413,417,409,421,422,427,439,440,426,420,425,423,417,424,422,428,424,420,426,427,425,419,423,432,426,437,429,423,436,428,440,436,426,432,439,437,425,429,453,458,459,442,447,443,456,449,442,451,457,458,449,456,457,455,459,443,447,449,455,449,451,453,455,449,453,475,477,474,474,480,481,477,473,472,477,475,476,474,477,472,482,488,489,478,472,479,477,483,479,475,481,482,480,474,478,476,482,483,488,500,501,487,481,486,479,485,484,483,489,485,481,487,488,486,480,484,493,487,498,490,484,497,489,501,497,487,493,500,498,486,490,503,79,75,77,78,73,79,76,72,76,77,72,76,79,83,80,83,87,79,503,505,78,77,82,77,76,80,84,87,91,81,80,84,82,81,86,83,505,506,88,91,92,86,85,90,87,506,91,85,84,89,95,94,92,89,88,93,90,89,93,91,507,95,74,503,75,78,504,73,75,79,72,77,73,72,80,76,83,84,80,87,83,79,505,77,81,82,81,77,80,88,84,91,85,81,84,81,85,86,87,83,506,91,95,92,85,89,90,506,507,91,84,88,89,94,93,92,88,92,93,508,90,93,507,94,95
i:40,37,44,30,26,39,0,4,5,20,21,6,24,25,28,17,16,3,22,18,9,19,31,32,27,23,33,12,15,13,34,32,41,32,11,45,38,35,47,66,67,68,50,51,53,52,53,55,68,69,70,62,63,65,54,55,57,70,71,49,49,48,63,56,57,58,60,61,50,99,98,60,97,96,67,151,149,155,157,153,147,179,182,188,115,114,113,185,117,118,175,180,195,171,176,186,202,199,207,191,183,126,204,209,224,237,240,143,219,211,140,260,261,262,261,260,265,260,262,263,260,263,264,260,264,265,261,265,270,262,261,266,263,262,267,264,263,268,265,264,269,261,270,266,262,266,267,263,267,268,264,268,269,265,269,270,266,270,271,267,266,271,268,267,271,269,268,271,270,269,271,272,273,274,273,272,277,272,274,275,272,275,276,272,276,277,273,277,282,274,273,278,275,274,279,276,275,280,277,276,281,273,282,278,274,278,279,275,279,280,276,280,281,277,281,282,278,282,283,279,278,283,280,279,283,281,280,283,282,281,283,284,285,286,285,284,289,284,286,287,284,287,288,284,288,289,285,289,294,286,285,290,287,286,291,288,287,292,289,288,293,285,294,290,286,290,291,287,291,292,288,292,293,289,293,294,290,294,295,291,290,295,292,291,295,293,292,295,294,293,295,306,299,300,300,305,306,318,311,312,312,317,318,334,320,321,333,331,337,325,323,321,327,325,320,331,335,336,335,327,334,335,334,321,323,333,337,323,325,333,336,335,321,337,336,321,353,351,359,361,360,367,351,353,357,367,366,379,359,358,364,356,357,362,357,361,367,360,359,366,358,356,362,365,364,376,362,363,375,363,367,375,366,365,378,364,362,368,379,378,380,371,376,380,368,375,380,375,379,380,378,371,380,376,368,380,395,381,397,394,392,398,382,398,397,392,390,397,381,382,397,390,388,396,396,395,397,382,381,394,422,421,428,409,413,421,413,409,417,428,427,440,420,419,425,417,418,424,418,422,424,421,420,427,419,417,423,426,425,437,423,424,436,424,428,436,427,426,439,425,423,429,440,439,441,432,437,441,429,436,441,436,440,441,439,432,441,437,429,441,456,442,465,455,453,465,449,447,442,453,451,458,442,443,465,451,449,457,457,456,465,443,447,455,458,457,465,483,482,489,476,474,482,474,476,478,489,488,501,481,480,486,478,479,484,479,483,485,482,481,488,480,478,484,487,486,498,484,485,497,485,489,497,488,487,500,486,484,490,501,500,502,493,498,502,490,497,502,497,501,502,500,493,502,498,490,502,37,46,44,26,36,39,1,0,5,2,20,6,25,7,28,29,17,3,18,8,9,31,11,32,10,27,33,15,14,13,42,34,41,41,32,45,35,43,47,67,69,68,52,50,53,54,52,55,69,71,70,64,62,65,56,54,57,71,48,49,62,49,63,57,59,58,61,51,50,98,61,60,66,97,67,159,151,155,145,157,147,194,179,188,112,115,113,190,185,118,192,175,195,176,193,186,199,205,207,128,191,126,209,131,224,255,237,143,211,138,140,299,301,300,301,305,300,301,299,305,299,307,305,307,299,306,305,307,306,319,311,318,311,313,312,313,317,312,313,319,317,311,319,313,317,319,318,331,336,337,320,325,321,334,327,320,321,323,337,325,327,333,327,335,331,333,327,331,351,358,359,360,366,367,356,351,357,353,361,357,353,359,360,358,351,356,353,360,361,366,378,379,365,359,364,357,363,362,363,357,367,359,365,366,364,358,362,371,365,376,368,362,375,367,379,375,365,371,378,376,364,368,392,397,398,395,388,381,390,396,397,388,395,396,394,398,382,381,388,394,388,390,392,394,388,392,420,413,419,421,427,428,417,409,418,418,409,422,413,420,421,419,413,417,409,421,422,427,439,440,426,420,425,423,417,424,422,428,424,420,426,427,425,419,423,432,426,437,429,423,436,428,440,436,426,432,439,437,425,429,453,458,465,442,447,443,456,449,442,451,457,458,449,456,457,455,465,443,447,449,455,449,451,453,455,449,453,474,480,481,482,488,489,478,476,479,476,483,479,474,481,482,480,474,478,476,482,483,488,500,501,487,481,486,479,485,484,483,489,485,481,487,488,486,480,484,493,487,498,490,484,497,489,501,497,487,493,500,498,486,490,503,79,75,77,78,73,79,76,72,76,77,72,76,79,83,80,83,87,79,503,505,78,77,82,77,76,80,84,87,91,81,80,84,82,81,86,83,505,506,88,91,92,86,85,90,87,506,91,85,84,89,95,94,92,89,88,93,90,89,93,91,507,95,74,503,75,78,504,73,75,79,72,77,73,72,80,76,83,84,80,87,83,79,505,77,81,82,81,77,80,88,84,91,85,81,84,81,85,86,87,83,506,91,95,92,85,89,90,506,507,91,84,88,89,94,93,92,88,92,93,508,90,93,507,94,95
i:40,37,44,30,26,39,0,4,5,20,21,6,24,25,28,17,16,3,22,18,9,19,31,32,27,23,33,12,15,13,34,32,41,32,11,45,38,35,47,97,67,68,50,53,59,68,71,49,54,59,58,99,61,50,151,149,155,157,153,147,179,182,188,171,176,186,202,199,207,191,183,126,204,209,224,237,240,143,219,211,140,260,261,262,261,260,265,260,262,263,260,263,264,260,264,265,261,265,270,262,261,266,263,262,267,264,263,268,265,264,269,261,270,266,262,266,267,263,267,268,264,268,269,265,269,270,266,270,271,267,266,271,268,267,271,269,268,271,270,269,271,272,273,274,273,272,277,272,274,275,272,275,276,272,276,277,273,277,282,274,273,278,275,274,279,276,275,280,277,276,281,273,282,278,274,278,279,275,279,280,276,280,281,277,281,282,278,282,283,279,278,283,280,279,283,281,280,283,282,281,283,284,285,286,285,284,289,284,286,287,284,287,288,284,288,289,285,289,294,286,285,290,287,286,291,288,287,292,289,288,293,285,294,290,286,290,291,287,291,292,288,292,293,289,293,294,290,294,295,291,290,295,292,291,295,293,292,295,294,293,295,306,299,300,300,305,306,318,311,312,312,317,318,334,320,321,335,334,321,321,320,333,331,335,321,333,331,321,353,351,359,361,360,367,351,353,357,367,366,379,359,358,364,356,357,362,357,361,367,360,359,366,358,356,362,365,364,376,362,363,375,363,367,375,366,365,378,364,362,368,379,378,380,371,376,380,368,375,380,375,379,380,378,371,380,376,368,380,388,381,392,382,394,392,381,382,392,390,388,392,382,381,394,422,421,428,409,413,421,413,409,417,428,427,440,420,419,425,417,418,424,418,422,424,421,420,427,419,417,423,426,425,437,423,424,436,424,428,436,427,426,439,425,423,429,440,439,441,432,437,441,429,436,441,436,440,441,439,432,441,437,429,441,449,442,465,455,453,465,442,443,465,451,449,465,443,442,455,453,451,465,483,482,489,476,474,482,474,476,478,489,488,501,481,480,486,478,479,484,479,483,485,482,481,488,480,478,484,487,486,498,484,485,497,485,489,497,488,487,500,486,484,490,501,500,502,493,498,502,490,497,502,497,501,502,500,493,502,498,490,502,37,46,44,26,36,39,1,0,5,2,20,6,25,7,28,29,17,3,18,8,9,31,11,32,10,27,33,15,14,13,42,34,41,41,32,45,35,43,47,67,71,68,54,50,59,64,49,65,71,65,49,61,53,50,159,151,155,145,157,147,194,179,188,112,115,113,190,185,118,176,193,186,199,205,207,128,191,126,209,131,224,255,237,143,211,138,140,299,301,300,301,305,300,301,299,305,299,307,305,307,299,306,305,307,306,319,311,318,311,313,312,313,317,312,313,319,317,311,319,313,317,319,318,320,334,333,334,335,331,333,334,331,351,358,359,360,366,367,356,351,357,353,361,357,353,359,360,358,351,356,353,360,361,366,378,379,365,359,364,357,363,362,363,357,367,359,365,366,364,358,362,371,365,376,368,362,375,367,379,375,365,371,378,376,364,368,381,388,394,388,390,392,394,388,392,420,413,419,421,427,428,417,409,418,418,409,422,413,420,421,419,413,417,409,421,422,427,439,440,426,420,425,423,417,424,422,428,424,420,426,427,425,419,423,432,426,437,429,423,436,428,440,436,426,432,439,437,425,429,455,465,443,442,449,455,449,451,453,455,449,453,474,480,481,482,488,489,478,476,479,476,483,479,474,481,482,480,474,478,476,482,483,488,500,501,487,481,486,479,485,484,483,489,485,481,487,488,486,480,484,493,487,498,490,484,497,489,501,497,487,493,500,498,486,490,503,79,75,77,78,73,79,76,72,76,77,72,76,79,83,80,83,87,79,503,505,78,77,82,77,76,80,84,87,91,81,80,84,82,81,86,83,505,506,88,91,92,86,85,90,87,506,91,85,84,89,95,94,92,89,88,93,90,89,93,91,507,95,74,503,75,78,504,73,75,79,72,77,73,72,80,76,83,84,80,87,83,79,505,77,81,82,81,77,80,88,84,91,85,81,84,81,85,86,87,83,506,91,95,92,85,89,90,506,507,91,84,88,89,94,93,92,88,92,93,508,90,93,507,94,95
i:40,46,44,30,26,39,0,4,5,20,21,6,24,25,28,17,16,3,22,18,9,19,31,41,27,23,33,12,15,13,97,67,68,50,53,59,68,71,49,54,59,58,99,61,50,151,149,155,157,153,147,179,182,188,171,176,186,191,183,126,204,209,224,237,240,143,219,211,140,260,261,262,261,260,265,260,262,263,260,263,264,260,264,265,261,265,270,262,261,266,263,262,267,264,263,268,265,264,269,261,270,266,262,266,267,263,267,268,264,268,269,265,269,270,266,270,271,267,266,271,268,267,271,269,268,271,270,269,271,272,273,274,273,272,277,272,274,275,272,275,276,272,276,277,273,277,282,274,273,278,275,274,279,276,275,280,277,276,281,273,282,278,274,278,279,275,279,280,276,280,281,277,281,282,278,282,283,279,278,283,280,279,283,281,280,283,282,281,283,284,285,286,285,284,289,284,286,287,284,287,288,284,288,289,285,289,294,286,285,290,287,286,291,288,287,292,289,288,293,285,294,290,286,290,291,287,291,292,288,292,293,289,293,294,290,294,295,291,290,295,292,291,295,293,292,295,294,293,295,306,305,300,300,305,306,318,313,312,312,313,318,333,331,320,361,360,367,367,366,379,353,358,364,356,351,362,351,361,367,360,353,366,358,356,362,365,364,376,362,363,375,363,367,375,366,365,378,364,362,368,379,378,380,371,376,380,368,375,380,375,379,380,378,371,380,376,368,380,388,382,392,382,394,392,390,388,392,422,421,428,409,419,421,419,409,418,428,427,440,418,422,424,421,419,427,419,418,423,426,425,437,423,424,436,424,428,436,427,426,439,425,423,429,440,439,441,432,437,441,429,436,441,436,440,441,439,432,441,437,429,441,455,453,465,451,449,465,453,451,465,483,476,489,480,476,479,489,488,501,479,483,485,476,480,488,480,479,484,487,486,498,484,485,497,485,489,497,488,487,500,486,484,490,501,500,502,493,498,502,490,497,502,497,501,502,500,493,502,498,490,502,26,36,39,1,0,5,2,20,6,25,7,28,29,17,3,18,8,9,31,45,41,10,27,33,15,14,13,67,71,68,54,50,59,64,49,65,71,65,49,61,53,50,159,151,155,145,157,147,194,179,188,176,193,186,128,191,126,209,131,224,255,237,143,211,138,140,333,320,331,351,358,353,360,366,367,353,361,351,358,351,356,353,360,361,366,378,379,365,353,364,351,363,362,363,351,367,353,365,366,364,358,362,371,365,376,368,362,375,367,379,375,365,371,378,376,364,368,382,388,394,388,390,392,394,388,392,421,427,428,418,409,422,409,421,422,427,439,440,426,419,425,423,418,424,422,428,424,419,426,427,425,419,423,432,426,437,429,423,436,428,440,436,426,432,439,437,425,429,465,449,455,449,451,453,455,449,453,476,488,489,476,483,479,488,500,501,487,480,486,479,485,484,483,489,485,480,487,488,486,480,484,493,487,498,490,484,497,489,501,497,487,493,500,498,486,490,503,79,75,77,78,73,79,76,72,76,77,72,76,79,83,80,83,87,79,503,505,78,77,82,77,76,80,84,87,91,81,80,84,82,81,86,83,505,506,88,91,92,86,85,90,87,506,91,85,84,89,95,94,92,89,88,93,90,89,93,91,507,95,74,503,75,78,504,73,75,79,72,77,73,72,80,76,83,84,80,87,83,79,505,77,81,82,81,77,80,88,84,91,85,81,84,81,85,86,87,83,506,91,95,92,85,89,90,506,507,91,84,88,89,94,93,92,88,92,93,508,90,93,507,94,95
i:40,46,44,30,26,39,0,4,5,20,21,6,24,25,28,17,16,3,22,18,9,19,31,41,27,23,33,12,15,13,99,53,59,151,149,155,157,153,147,179,182,188,171,176,186,191,183,126,204,209,224,237,240,143,219,211,140,260,261,262,261,260,265,260,262,263,260,263,264,260,264,265,261,265,270,262,261,266,263,262,267,264,263,268,265,264,269,261,270,266,262,266,267,263,267,268,264,268,269,265,269,270,266,270,271,267,266,271,268,267,271,269,268,271,270,269,271,272,273,274,273,272,277,272,274,275,272,275,276,272,276,277,273,277,282,274,273,278,275,274,279,276,275,280,277,276,281,273,282,278,274,278,279,275,279,280,276,280,281,277,281,282,278,282,283,279,278,283,280,279,283,281,280,283,282,281,283,284,285,286,285,284,289,284,286,287,284,287,288,284,288,289,285,289,294,286,285,290,287,286,291,288,287,292,289,288,293,285,294,290,286,290,291,287,291,292,288,292,293,289,293,294,290,294,295,291,290,295,292,291,295,293,292,295,294,293,295,333,331,320,367,366,379,365,364,376,368,363,375,363,367,375,366,365,378,379,378,380,371,376,380,368,375,380,375,379,380,378,371,380,376,368,380,388,394,392,390,388,392,409,425,421,425,409,421,428,421,440,425,421,423,426,425,437,423,424,436,424,428,436,421,426,439,425,423,429,440,439,441,432,437,441,429,436,441,436,440,441,439,432,441,437,429,441,455,453,465,451,449,465,453,451,465,489,488,501,476,486,488,486,476,484,487,486,498,484,485,497,485,489,497,488,487,500,486,484,490,501,500,502,493,498,502,490,497,502,497,501,502,500,493,502,498,490,502,26,36,39,1,0,5,2,20,6,25,7,28,29,17,3,18,8,9,31,45,41,10,27,33,15,14,13,71,65,97,159,151,155,145,157,147,194,179,188,176,193,186,128,191,126,209,131,224,255,237,143,211,138,140,333,320,331,351,366,367,366,378,379,365,351,364,351,363,368,363,351,367,351,365,366,364,351,368,371,365,376,367,379,375,365,371,378,376,364,368,388,390,392,394,388,392,421,439,440,423,421,424,421,428,424,425,426,421,432,426,437,429,423,436,428,440,436,426,432,439,437,425,429,465,449,455,449,451,453,455,449,453,476,488,489,488,500,501,476,485,484,476,489,485,486,487,488,493,487,498,490,484,497,489,501,497,487,493,500,498,486,490,505,79,75,81,78,73,79,76,72,76,81,72,76,79,83,80,83,87,81,76,80,84,87,507,81,80,84,78,81,86,83,505,506,88,507,92,86,85,90,87,506,507,85,84,88,90,88,92,74,505,75,78,504,73,75,79,72,81,73,72,80,76,83,84,80,87,83,79,505,88,84,507,85,81,84,81,85,86,87,83,506,507,94,92,85,88,90,508,90,92
i:40,46,44,30,26,39,0,4,5,20,21,6,24,25,28,17,16,3,22,18,9,19,31,41,27,23,33,12,15,13,151,149,155,157,153,147,179,182,188,171,176,186,191,183,126,204,209,224,237,240,143,219,211,140,260,261,262,260,262,263,260,263,264,260,264,261,262,261,266,263,262,267,264,263,268,261,264,269,261,270,266,262,266,267,263,267,268,264,268,269,261,269,270,266,270,271,267,266,271,268,267,271,269,268,271,270,269,271,272,273,274,273,272,277,272,274,275,272,275,276,272,276,277,273,277,282,274,273,278,275,274,279,276,275,280,277,276,281,273,282,278,274,278,279,275,279,280,276,280,281,277,281,282,278,282,283,279,278,283,280,279,283,281,280,283,282,281,283,284,285,286,285,284,289,284,286,287,284,287,288,284,288,289,285,289,294,286,285,290,287,286,291,288,287,292,289,288,293,285,294,290,286,290,291,287,291,292,288,292,293,289,293,294,290,294,295,291,290,295,292,291,295,293,292,295,294,293,295,368,363,380,363,366,380,366,364,380,364,368,380,428,409,439,425,409,436,409,425,439,436,439,441,439,425,441,425,436,441,476,498,500,487,498,502,498,497,502,497,500,502,500,487,502,26,36,39,1,0,5,2,20,6,25,7,28,29,17,3,18,8,9,31,45,41,10,27,33,15,14,13,159,151,155,145,157,147,194,179,188,176,193,186,128,191,126,209,131,224,255,237,143,211,138,140,351,366,363,351,363,368,351,364,366,364,351,368,409,428,436,428,439,436,476,500,489,476,497,498,476,489,497,498,487,500,489,500,497,505,79,75,81,78,73,79,76,72,76,81,72,76,79,83,80,83,87,81,76,80,84,87,507,81,80,84,78,81,86,83,505,506,88,507,92,86,85,90,87,506,507,85,84,88,90,88,92,74,505,75,78,504,73,75,79,72,81,73,72,80,76,83,84,80,87,83,79,505,88,84,507,85,81,84,81,85,86,87,83,506,507,94,92,85,88,90,508,90,92
