hasTransparency=false
useFakeLighting=true
shineDamper=1
reflectivity=0

Levels Of Detail:
c:0,100,0,400
c:1,80,400,500
c:2,60,500,600
c:3,40,600,-1

v:0.0325,0.0,-0.0563,0.0254,0.7,-0.0441,0.0509,0.7,0.0,0.065,0.0,0.0,-0.0325,0.0,-0.0563,-0.0254,0.7,-0.0441,-0.065,0.0,0.0,-0.0509,0.7,0.0,-0.0325,-0.0,0.0563,-0.0254,0.7,0.0441,0.0325,-0.0,0.0563,0.0254,0.7,0.0441,0.0323,1.3295,-0.0337,0.0523,1.3291,9.0E-4,-0.0076,1.3303,-0.0337,-0.0276,1.3307,9.0E-4,-0.0077,1.3302,0.0354,0.0323,1.3294,0.0354,0.0415,1.8966,-0.018,0.0567,1.8959,0.0084,0.011,1.8974,-0.018,-0.0042,1.8974,0.0084,0.011,1.8967,0.0349,0.0415,1.8959,0.0349,0.0435,2.407,-0.0048,0.0554,2.4066,0.0158,0.0197,2.4073,-0.0048,0.0078,2.4071,0.0158,0.0197,2.4067,0.0364,0.0435,2.4065,0.0364,0.0446,2.8663,0.0085,0.0536,2.8659,0.0242,0.0265,2.8664,0.0085,0.0174,2.8662,0.0242,0.0265,2.8658,0.0399,0.0446,2.8657,0.0399,0.0492,3.2793,0.013001,0.0562,3.2791,0.025201,0.0351,3.2795,0.013001,0.028,3.2796,0.025201,0.0351,3.2794,0.037401,0.0491,3.2792,0.037401,0.0513,3.6513,0.017601,0.0566,3.6512,0.026801,0.0406,3.6514,0.017601,0.0353,3.6514,0.026801,0.0406,3.6513,0.036001,0.0513,3.6512,0.036001,0.0502,3.9862,0.024301,0.0543,3.9861,0.031501,0.0418,3.9862,0.024301,0.0376,3.9861,0.031501,0.0418,3.986,0.038701,0.0502,3.986,0.038701,0.0461,3.8324,0.030201,0.4047,4.333,0.404801,0.0448,4.8504,0.036001,0.2832,4.3356,-0.424899,0.0453,3.7487,0.027701,-0.4421,4.229,0.030401,0.0521,4.7151,0.045801,0.177,4.2137,0.509401,0.0468,3.8617,0.029401,0.3169,4.3889,-0.417899,0.0389,4.9099,0.047601,-0.4785,4.3747,-0.063499,0.0429,3.493,0.026801,0.3463,3.9592,0.515301,0.2141,4.5244,0.040601,0.5178,3.9397,-0.319399,0.0443,3.6031,0.025501,-0.3157,4.0983,0.496101,0.1001,4.681,0.181401,0.5656,4.0726,0.342601,0.0431,3.3615,0.023901,-0.5462,3.8582,0.031901,-0.0411,4.4365,0.173501,0.0615,3.8184,0.641501,0.0454,3.4685,0.025801,-0.2052,3.9356,-0.512999,-0.0869,4.5257,-0.040199,-0.477,3.9485,0.279701,0.0452,3.4633,0.027101,0.4338,3.9618,-0.455499,0.0141,4.5735,-0.140799,-0.4871,3.959,-0.288699,0.0431,3.4133,0.027201,0.6452,3.9069,0.125301,0.168,4.5096,-0.076699,0.1178,3.8973,-0.582899,0.0361,3.035,0.0227,-0.1687,3.5183,0.703401,0.2214,4.1969,0.321901,0.713,3.4768,0.307601,0.0402,3.1706,0.022101,-0.5807,3.6537,0.399901,-0.0352,4.3493,0.374701,0.4436,3.649,0.626701,0.041,3.1347,0.022301,-0.6372,3.5887,0.055401,-0.1756,4.2401,0.271201,-0.0111,3.5602,0.714701,0.0428,3.1763,0.024001,-0.5085,3.6097,-0.364299,-0.2631,4.266,0.045701,-0.3431,3.6354,0.552201,0.0408,2.9998,0.0255,-0.0044,3.5041,-0.691899,-0.2587,4.1856,-0.180199,-0.7164,3.4346,-0.038099,0.0379,2.9519,0.0273,0.5443,3.4266,-0.538999,0.0443,4.1595,-0.349799,-0.4122,3.4117,-0.591999,0.0394,3.1929,0.027701,0.7063,3.6606,0.118101,0.2959,4.2911,-0.233399,0.1357,3.6037,-0.672199,0.0399,3.2481,0.027001,0.7478,3.6813,0.146701,0.3509,4.3803,-0.127999,0.1307,3.7404,-0.642599,0.0352,3.0093,0.0251,0.4448,3.4704,0.582801,0.3747,4.1328,0.066901,0.6388,3.4435,-0.341499,0.0339,2.5326,0.0134,-0.7736,2.9608,0.3736,-0.2332,3.7694,0.582801,0.1239,2.9005,0.9167,0.0383,2.7779,0.0195,-0.6826,3.2413,-0.251899,-0.4509,3.91,0.321301,-0.344,3.1162,0.756301,0.0388,2.834,0.0215,-0.7529,3.2383,-0.214499,-0.4643,4.0171,0.207701,-0.2441,3.2986,0.759801,0.0373,2.5908,0.0188,-0.4608,3.0422,-0.5975,-0.4717,3.7728,-0.032099,-0.6779,2.9891,0.4143,0.0369,2.6519,0.0233,0.0779,3.0254,-0.7698,-0.2653,3.7681,-0.422899,-0.7148,3.0264,-0.2224,0.0351,2.629,0.0241,0.3664,2.9744,-0.7287,-0.039,3.757,-0.532099,-0.5635,3.0202,-0.5047,0.0318,2.5281,0.0226,0.8319,3.0138,-0.2294,0.2696,3.7787,-0.480999,-0.0548,2.9279,-0.853,0.0298,2.571,0.0216,0.7617,2.9948,0.2731,0.5071,3.6967,-0.218599,0.4134,2.9359,-0.6809,0.0308,2.7963,0.024,0.6349,3.1974,0.545901,0.5774,3.9336,0.023301,0.6557,3.1837,-0.478799,0.0286,2.5418,0.0185,0.6414,2.9366,0.6324,0.5746,3.7657,0.142901,0.7627,2.983,-0.3929,0.0301,2.5741,0.0158,0.0333,2.954,0.9095,0.3252,3.812,0.527501,0.853,3.0286,0.2474,0.0334,2.7488,0.0175,-0.4752,3.1382,0.662301,0.0688,3.8792,0.624401,0.5339,3.0866,0.6931,0.0355,2.1906,0.012,-0.6974,2.4844,-0.5405,-0.7497,3.3021,-0.010799,-0.7293,2.4795,0.5168,0.0353,2.1676,0.0137,-0.5576,2.4221,-0.7233,-0.7241,3.2884,-0.270399,-0.8512,2.4744,0.285,0.0333,2.0654,0.0146,0.0447,2.5203,-0.9475,-0.53,3.3407,-0.547799,-0.9368,2.3757,-0.2832,0.0311,2.1088,0.0169,0.4628,2.502,-0.756,-0.1625,3.2568,-0.701899,-0.6404,2.4026,-0.6122,0.0315,2.3363,0.0208,0.6724,2.6962,-0.6289,0.0982,3.5009,-0.726899,-0.4444,2.6682,-0.7667,0.0281,2.0791,0.017,0.7153,2.4192,-0.6951,0.1976,3.3433,-0.729399,-0.4084,2.4787,-0.8422,0.0246,2.1118,0.0162,1.0308,2.4138,-0.1664,0.6666,3.3824,-0.475199,0.1804,2.5379,-0.9453,0.0246,2.2885,0.0172,0.915,2.5969,0.3457,0.8261,3.4205,-0.232599,0.6282,2.5595,-0.7259,0.025,2.3412,0.0167,0.7824,2.7464,0.5759,0.8035,3.5585,-0.069799,0.7811,2.6605,-0.5921,0.0233,2.1581,0.0121,0.6459,2.4804,0.7001,0.7689,3.3167,0.174601,0.8238,2.5197,-0.421,0.0246,2.2305,0.0095,0.2275,2.4973,0.9678,0.6153,3.3842,0.622401,0.9765,2.5472,0.144,0.0247,2.1163,0.0063,-0.0656,2.3726,0.9916,0.4159,3.2655,0.787301,0.8905,2.4033,0.4606,0.0288,2.2038,0.0068,-0.5464,2.5138,0.8334,-0.0095,3.4364,0.839801,0.6636,2.6126,0.7373,0.0309,2.222,0.0067,-0.8143,2.5611,0.5952,-0.2565,3.4762,0.837301,0.4136,2.6102,0.9403,0.0338,2.3073,0.0091,-0.9005,2.7245,0.1026,-0.475,3.5238,0.615101,-0.1149,2.6148,0.9749,0.0361,2.3892,0.0114,-0.9727,2.6987,0.0324,-0.662,3.6257,0.465001,-0.1208,2.84,0.9493,0.0246,1.5689,0.0087,-0.2478,1.8276,-1.0784,-0.6823,2.8433,-0.709,-1.0636,1.8997,-0.1376,0.0218,1.6015,0.0121,0.3463,1.8048,-1.0957,-0.1601,2.8762,-1.0283,-0.8465,1.9707,-0.6773,0.0236,1.7785,0.0154,0.7588,1.9924,-0.7702,0.1604,2.88,-1.0654,-0.4464,1.9541,-0.9564,0.0237,1.831,0.0157,0.9222,2.1706,-0.5732,0.3115,3.0509,-0.9645,-0.2735,2.0728,-1.0402,0.0173,1.6479,0.0121,0.9778,1.8819,-0.4219,0.5493,2.8013,-0.8317,-0.1207,1.9535,-1.0108,0.0153,1.7206,0.0113,1.1223,1.8595,0.0343,0.9947,2.8328,-0.5249,0.4504,1.9541,-0.9857,0.0112,1.6065,0.008,1.088,1.7224,0.3066,1.1261,2.6995,-0.2743,0.7224,1.7941,-0.8368,0.0131,1.6938,0.0055,0.8835,1.8682,0.7494,1.1122,2.8872,0.2145,0.9501,2.0345,-0.5772,0.0133,1.7122,0.0036,0.6405,1.9114,0.9973,1.0926,2.9094,0.4892,1.1178,2.0101,-0.3183,0.017,1.7975,0.0025,0.1579,2.1152,1.0772,0.8243,2.9726,0.718,1.1081,1.9889,0.2049,0.0202,1.8793,0.002,0.1141,2.0438,1.1466,0.6684,3.0586,0.937,1.0977,2.2533,0.1951,0.0184,1.7276,-8.0E-4,-0.1344,1.8688,1.0594,0.3967,2.8227,0.9921,0.9277,1.9933,0.5119,0.024,1.803,-0.0012,-0.7426,2.0656,0.7216,-0.0995,2.8819,1.0817,0.493,1.9617,0.9617,0.0215,1.6082,-0.0041,-0.9562,1.9106,0.4732,-0.3959,2.7052,1.075701,0.0877,1.6674,1.1182,0.0251,1.6214,-9.0E-4,-1.023,1.8695,0.0353,-0.7779,2.7417,0.6448,-0.2736,1.8418,1.0074,0.0295,1.7272,0.0024,-0.9387,2.0317,-0.381,-0.9635,2.8352,0.3692,-0.5934,1.925,0.8645,0.0267,1.6006,0.0024,-0.9682,1.8589,-0.4721,-0.9833,2.8333,0.1323,-0.7484,1.9037,0.7649,0.0275,1.6182,0.0064,-0.5533,1.9482,-0.9367,-0.9524,2.8758,-0.3438,-1.0593,1.8876,0.2783,0.0292,1.7339,0.0102,-0.2937,1.959,-0.985,-0.761,2.8625,-0.6114,-1.0083,1.98,-0.0301,0.0049,1.1565,0.0104,1.0689,1.1563,-0.6023,0.705,2.1854,-1.197,-0.1339,1.2652,-1.2009,5.0E-4,1.0438,0.0093,1.1791,1.0131,-0.3618,0.9724,2.0438,-1.041,0.1675,1.0971,-1.2105,-3.0E-4,1.1298,0.0063,1.2703,1.1706,0.0935,1.2623,2.2637,-0.5933,0.4908,1.3813,-1.1382,-0.0016,1.1481,0.0046,1.2353,1.2095,0.436,1.432,2.2687,-0.3418,0.773,1.3414,-1.031,1.0E-4,1.2322,0.0017,0.9233,1.4496,0.8047,1.3498,2.3535,0.0401,1.0775,1.3064,-0.6057,0.0014,1.3132,-4.0E-4,0.9384,1.3279,0.8664,1.3854,2.4187,0.3352,1.0701,1.6103,-0.6247,-4.0E-4,1.1633,-0.0026,0.7007,1.157,0.9573,1.2002,2.1838,0.5767,1.1398,1.3346,-0.2768,0.0028,1.238,-0.0065,0.047,1.3695,1.1802,0.8959,2.2197,1.0357,1.1441,1.264,0.334,5.0E-4,1.0458,-0.0089,-0.2752,1.2128,1.191,0.6846,2.022,1.2789,0.9896,0.9301,0.7278,0.0055,1.0585,-0.0095,-0.64,1.1686,0.979,0.0575,2.0893,1.3095,0.71,1.1503,0.9355,0.0104,1.1632,-0.0098,-0.9407,1.3427,0.689,-0.3063,2.1657,1.3084,0.4175,1.2162,1.1075,0.0097,1.0378,-0.0092,-1.0234,1.1558,0.6765,-0.5383,2.2,1.1924,0.2576,1.2183,1.1942,0.0138,1.0553,-0.0075,-1.2348,1.2699,0.1014,-0.977,2.2416,0.9071,-0.3078,1.1817,1.2123,0.0176,1.1697,-0.0049,-1.1478,1.2687,-0.142,-1.134,2.217,0.5806,-0.5412,1.2789,1.0218,0.0198,1.2257,-0.0034,-1.1206,1.4539,-0.462,-1.2401,2.4077,0.3617,-0.8061,1.3562,0.9211,0.0164,1.0201,-0.0012,-0.8687,1.3458,-0.7815,-1.2751,2.1681,0.0528,-1.0898,1.0298,0.5141,0.0194,1.1795,0.0038,-0.6206,1.2777,-1.0276,-1.1958,2.2606,-0.5551,-1.1706,1.2953,0.2148,0.0184,1.1223,0.0055,-0.4105,1.2668,-1.1957,-1.1854,2.2252,-0.7827,-1.2591,1.138,-0.07,0.0155,1.1069,0.0079,-0.1343,1.2303,-1.2886,-0.814,2.3523,-1.0825,-1.2299,1.368,-0.291,0.0159,1.2523,0.0103,0.2883,1.324,-1.2345,-0.4715,2.3669,-1.3199,-1.0825,1.4947,-0.5847,0.0155,1.312,0.0111,0.4885,1.407,-1.1824,-0.2507,2.4639,-1.3701,-0.9457,1.508,-0.8166,0.0115,1.2361,0.0112,0.697,1.2982,-1.0525,0.0719,2.3737,-1.3688,-0.7756,1.5096,-0.9383,-0.0118,0.5386,0.0031,1.2116,0.3739,0.4388,1.5743,1.4595,-0.2295,0.8694,0.6019,-0.9576,-0.0126,0.6114,-0.0014,0.8328,0.5959,1.0067,1.5986,1.4675,0.3511,1.2056,0.4957,-0.4741,-0.0129,0.4247,-0.0041,0.595,0.4347,1.2217,1.5894,1.2457,0.6981,1.3162,0.1255,-0.0751,-0.0095,0.4368,-0.0078,0.2056,0.382,1.279,1.1051,1.3434,1.1486,1.2684,0.3949,0.2382,-0.0075,0.5389,-0.0102,-0.2111,0.5571,1.2884,0.8195,1.3916,1.4169,1.1723,0.4397,0.5524,-0.0056,0.4165,-0.0111,-0.2636,0.3563,1.3348,0.5535,1.4649,1.5192,1.135,0.4677,0.7417,-0.0016,0.4337,-0.0127,-0.8249,0.4814,1.119,0.0131,1.4913,1.6585,0.7692,0.4008,1.1509,0.0014,0.5451,-0.0122,-0.9345,0.4638,0.8817,-0.3624,1.4446,1.5412,0.4774,0.4958,1.1889,0.0036,0.5995,-0.0121,-1.1863,0.6693,0.677,-0.631,1.6529,1.4941,0.2274,0.5625,1.3417,0.006,0.3996,-0.011,-1.2942,0.5976,0.2844,-0.9148,1.4158,1.3097,-0.2681,0.2107,1.2911,0.0099,0.5548,-0.0079,-1.3284,0.4774,-0.0433,-1.39,1.4791,0.8712,-0.522,0.491,1.2171,0.0118,0.4993,-0.007,-1.3665,0.4714,-0.3201,-1.6005,1.4237,0.7226,-0.8052,0.3002,1.1241,0.0126,0.4838,-0.0032,-1.3104,0.4392,-0.5794,-1.6741,1.6073,0.2218,-0.9931,0.5869,1.0215,0.0132,0.6255,2.0E-4,-1.0518,0.5283,-0.9118,-1.7084,1.5881,-0.2237,-1.1641,0.7078,0.756,0.0131,0.6834,0.0021,-0.9167,0.6196,-1.0662,-1.6467,1.7003,-0.4669,-1.3024,0.7127,0.5186,0.012,0.6094,0.0046,-0.7088,0.5142,-1.1862,-1.4838,1.6243,-0.7804,-1.3379,0.7407,0.3148,0.0098,0.6342,0.008,-0.3043,0.4558,-1.2583,-1.1566,1.4777,-1.1696,-1.2973,0.6827,-0.1063,0.0078,0.5917,0.0102,0.1032,0.4807,-1.2849,-0.8579,1.3764,-1.4122,-1.1777,0.4679,-0.5072,0.0049,0.4391,0.0126,0.6037,0.5041,-1.2499,-0.4519,1.3453,-1.6825,-0.9506,0.2181,-0.979,1.0E-4,0.4129,0.0128,0.8414,0.2815,-1.0146,0.171,1.262,-1.6612,-0.6954,0.3729,-1.1207,-0.0034,0.5976,0.0128,1.1928,0.611,-0.6841,0.6255,1.5125,-1.5969,-0.3215,0.5116,-1.3278,-0.0047,0.4719,0.0121,1.2686,0.5226,-0.5957,0.7815,1.5366,-1.4794,-0.1637,0.4646,-1.3866,-0.0082,0.5687,0.0095,1.3631,0.5976,-0.1671,1.1996,1.6334,-1.0964,0.2417,0.6396,-1.3448,-0.0105,0.623,0.0083,1.3634,0.6162,0.1443,1.4511,1.5279,-0.9118,0.5845,0.474,-1.224,-0.0117,0.5664,0.0058,1.296,0.6779,0.4735,1.5698,1.5848,-0.5718,0.9184,0.4117,-1.0144
n:0.5,0.0,-0.866,0.5,0.0,-0.866,1.0,-0.0,-0.0,1.0,-0.0,-0.0,-0.5,-0.0,-0.866,-0.5,-0.0,-0.866,-1.0,-0.0,-0.0,-1.0,-0.0,-0.0,-0.5,0.0,0.866,-0.5,0.0,0.866,0.5,-0.0,0.866,0.5,-0.0,0.866,0.4999,-0.0086,-0.866,0.9998,-0.0195,-0.0,-0.4999,0.011,-0.866,-0.9998,0.0195,-0.0,-0.4999,0.0086,0.866,0.4999,-0.011,0.866,0.5001,-7.0E-4,-0.866,0.9997,-0.0246,-0.0,-0.4996,0.0239,-0.8659,-0.9997,0.0246,0.0,-0.5001,7.0E-4,0.866,0.4996,-0.0239,0.8659,0.5002,0.0073,-0.8659,0.9999,-0.0105,2.0E-4,-0.4997,0.0178,-0.866,-0.9999,0.0105,-2.0E-4,-0.5002,-0.0073,0.8659,0.4997,-0.0178,0.866,0.5003,0.0115,-0.8658,1.0,-0.0085,2.0E-4,-0.4997,0.02,-0.866,-1.0,0.0085,-2.0E-4,-0.5003,-0.0115,0.8658,0.4997,-0.02,0.866,0.5001,-0.0058,-0.866,0.9999,-0.0159,1.0E-4,-0.4998,0.0101,-0.8661,-0.9999,0.0159,-1.0E-4,-0.5001,0.0058,0.866,0.4998,-0.0101,0.8661,0.5001,-0.0014,-0.866,0.9999,-0.0104,1.0E-4,-0.4998,0.0089,-0.8661,-0.9999,0.0104,-1.0E-4,-0.5001,0.0014,0.866,0.4998,-0.0089,0.8661,0.5002,0.0121,-0.8658,1.0,-1.0E-4,2.0E-4,-0.4998,0.0122,-0.8661,-1.0,1.0E-4,-2.0E-4,-0.5002,-0.0121,0.8658,0.4998,-0.0122,0.8661,-0.765,0.5607,0.3169,0.46,0.5607,0.6885,-0.6494,0.7113,0.2689,0.1615,0.5607,-0.8121,-0.765,0.5607,0.3169,-0.828,0.5607,-0.0,-0.5844,0.7113,0.3905,0.0,0.5608,0.828,-0.765,0.5607,0.3169,0.3169,0.5607,-0.765,-0.6494,0.7113,0.269,-0.828,0.5607,-0.0,-0.8417,0.4124,0.3486,0.3169,0.5607,0.765,0.5855,0.5606,0.5855,0.5855,0.5607,-0.5855,-0.8417,0.4124,0.3486,-0.5855,0.5607,0.5855,-0.2691,0.7113,0.6494,0.5854,0.5607,0.5855,-0.8417,0.4124,0.3487,-0.911,0.4124,0.0,-0.5855,0.5607,0.5855,-0.1777,0.4124,0.8935,-0.8416,0.4124,0.3487,-0.46,0.5607,-0.6885,-0.828,0.5607,-0.0,-0.765,0.5607,0.3169,-0.8416,0.4124,0.3486,0.46,0.5607,-0.6885,-0.5855,0.5606,-0.5855,-0.765,0.5606,-0.3169,-0.8416,0.4124,0.3486,0.8121,0.5607,0.1615,1.0E-4,0.5607,-0.828,-0.0,0.5607,-0.828,-0.8417,0.4124,0.3486,-0.3486,0.4124,0.8417,0.1616,0.5607,0.8121,0.7575,0.4123,0.5061,-0.8416,0.4124,0.3487,-0.7574,0.4124,0.5062,-0.3169,0.5607,0.765,0.3486,0.4125,0.8416,-0.8416,0.4125,0.3486,-0.911,0.4124,-1.0E-4,-0.5855,0.5607,0.5854,-0.1777,0.4124,0.8935,-0.8416,0.4124,0.3486,-0.8417,0.4123,-0.3486,-0.8121,0.5607,0.1615,-0.6441,0.4124,0.6442,-0.8416,0.4124,0.3487,-0.1776,0.4125,-0.8935,-0.765,0.5607,-0.3169,-0.911,0.4124,0.0,-0.8417,0.4124,0.3486,0.5062,0.4124,-0.7575,-0.3168,0.5607,-0.765,-0.6442,0.4124,-0.6442,-0.8417,0.4124,0.3486,0.8935,0.4124,0.1777,0.46,0.5607,-0.6885,0.0,0.4124,-0.911,-0.8416,0.4124,0.3486,0.8935,0.4124,0.1776,0.6885,0.5607,-0.4599,0.0,0.4124,-0.911,-0.8416,0.4124,0.3486,0.3486,0.4124,0.8417,0.765,0.5607,0.3169,0.7575,0.4124,-0.5061,-0.9443,0.2703,0.1878,-0.8417,0.4124,0.3486,-0.5061,0.4123,0.7575,-0.0,0.4124,0.911,-0.8935,0.4124,0.1777,-0.8935,0.4124,-0.1777,-0.6885,0.5607,0.46,-0.5061,0.4124,0.7575,-0.8935,0.4124,0.1777,-0.8935,0.4124,-0.1777,-0.765,0.5607,0.3169,-0.3486,0.4124,0.8417,-0.9443,0.2703,0.1878,-0.6442,0.4124,-0.6442,-0.911,0.4124,-1.0E-4,-0.8417,0.4124,0.3486,-0.8416,0.4125,0.3486,-0.1777,0.4124,-0.8935,-0.6442,0.4124,-0.6442,-0.8935,0.4124,-0.1777,-0.8895,0.2703,0.3684,0.1777,0.4124,-0.8935,-0.3486,0.4125,-0.8417,-0.7575,0.4124,-0.5061,-0.9443,0.2703,0.1878,0.8416,0.4124,-0.3487,0.1777,0.4125,-0.8935,-0.1777,0.4124,-0.8935,-0.9443,0.2703,0.1878,0.8417,0.4124,0.3486,0.7575,0.4124,-0.506,0.3486,0.4123,-0.8417,-0.8935,0.4124,0.1777,0.6442,0.4123,0.6442,0.828,0.5607,-0.0,0.6442,0.4124,-0.6442,-0.9443,0.2703,0.1878,0.5061,0.4124,0.7575,0.8417,0.4124,0.3486,0.7575,0.4124,-0.5061,-0.9443,0.2703,0.1878,-0.1777,0.4124,0.8935,0.1777,0.4124,0.8935,0.8417,0.4124,0.3485,-0.8935,0.4124,0.1777,-0.6442,0.4124,0.6442,-0.1615,0.5608,0.8121,0.3487,0.4124,0.8416,-0.9443,0.2702,0.1878,-0.8006,0.2703,-0.5348,-0.911,0.4125,-0.0,-0.8005,0.2703,0.5349,-0.9443,0.2703,0.1878,-0.6808,0.2702,-0.6808,-0.8935,0.4124,-0.1777,-0.9443,0.2703,0.1878,-0.9443,0.2703,0.1878,-0.1877,0.2703,-0.9443,-0.7575,0.4124,-0.5061,-0.9443,0.2703,-0.1878,-0.9443,0.2703,0.1878,0.3684,0.2703,-0.8895,-0.3486,0.4124,-0.8416,-0.8005,0.2702,-0.5349,-0.9443,0.2703,0.1878,0.6808,0.2703,-0.6808,0.0,0.4125,-0.911,-0.5349,0.2703,-0.8005,-0.9443,0.2703,0.1878,0.535,0.2703,-0.8005,0.0,0.4124,-0.911,-0.5349,0.2703,-0.8005,-0.9443,0.2703,0.1878,0.9443,0.2703,-0.1879,0.6441,0.4124,-0.6442,0.0,0.2703,-0.9628,-0.9443,0.2703,0.1878,0.8895,0.2703,0.3684,0.8416,0.4124,-0.3487,0.5349,0.2703,-0.8005,-0.9443,0.2703,0.1878,0.6808,0.2703,0.6808,0.911,0.4124,-0.0,0.6808,0.2703,-0.6808,-0.9443,0.2703,0.1878,0.5349,0.2703,0.8005,0.8417,0.4124,0.3486,0.8005,0.2704,-0.5349,-0.9443,0.2702,0.1878,0.0,0.2704,0.9628,0.5061,0.4124,0.7575,0.9443,0.2703,0.1879,-0.9443,0.2703,0.1878,-0.1878,0.2703,0.9443,0.3486,0.4124,0.8417,0.8005,0.2703,0.5349,-0.9443,0.2703,0.1878,-0.6808,0.2703,0.6808,-0.1777,0.4124,0.8935,0.5348,0.2703,0.8005,-0.9443,0.2703,0.1878,-0.8005,0.2703,0.5349,-0.3486,0.4124,0.8417,0.1878,0.2703,0.9443,-0.9467,0.2666,0.1809,-0.9443,0.2702,0.1878,-0.6442,0.4124,0.6442,-0.1879,0.2703,0.9443,-0.9443,0.2703,0.1878,-0.9628,0.2703,-0.0,-0.7575,0.4124,0.5061,-0.1777,0.4124,0.8935,-0.9443,0.2703,0.1878,-0.3684,0.2703,-0.8895,-0.6441,0.4124,-0.6442,-0.9443,0.2702,-0.1878,-0.9443,0.2703,0.1878,0.1877,0.2703,-0.9443,-0.3486,0.4124,-0.8417,-0.8005,0.2703,-0.5349,-0.9443,0.2703,0.1878,0.5349,0.2703,-0.8005,0.0,0.4123,-0.911,-0.5349,0.2703,-0.8005,-0.9443,0.2703,0.1878,0.8006,0.2703,-0.5348,0.1777,0.4124,-0.8935,-0.3684,0.2703,-0.8895,-0.9443,0.2703,0.1878,0.8895,0.2703,-0.3684,0.3485,0.4124,-0.8417,-0.1878,0.2703,-0.9443,-0.9443,0.2703,0.1878,0.9628,0.2703,0.0,0.7575,0.4123,-0.5061,0.1878,0.2703,-0.9443,-0.9443,0.2703,0.1878,0.8895,0.2703,0.3684,0.9443,0.2703,-0.1878,0.5349,0.2703,-0.8005,-0.9443,0.2703,0.1878,0.6808,0.2702,0.6808,0.8935,0.4123,0.1777,0.8005,0.2703,-0.5349,-0.9443,0.2703,0.1878,0.3684,0.2703,0.8895,0.7575,0.4124,0.5061,0.8895,0.2703,-0.3684,-0.9443,0.2703,0.1878,1.0E-4,0.2703,0.9628,0.6442,0.4124,0.6442,0.9443,0.2703,0.1878,-0.9443,0.2703,0.1878,0.0,0.2703,0.9628,0.3486,0.4124,0.8417,0.9443,0.2703,0.1878,-0.9443,0.2703,0.1878,-0.1878,0.2703,0.9443,0.1777,0.4124,0.8935,0.8005,0.2703,0.5349,-0.9443,0.2703,0.1878,-0.8005,0.2703,0.5349,-0.1777,0.4124,0.8935,0.3684,0.2704,0.8895,-0.9628,0.2703,-0.0,-0.8895,0.2703,0.3684,-0.3684,0.2703,0.8895,0.0,0.2703,0.9628,-0.9443,0.2703,0.1878,-0.9628,0.2702,-0.0,-0.8005,0.2703,0.5349,-0.3684,0.2703,0.8895,-0.9443,0.2704,0.1878,-0.8895,0.2703,-0.3684,-0.8895,0.2704,0.3684,-0.6808,0.2704,0.6808,-0.9443,0.2703,0.1878,-0.8895,0.2703,-0.3684,-0.9443,0.2704,0.1878,-0.6808,0.2703,0.6808,-0.9443,0.2702,0.1878,-0.5349,0.2703,-0.8005,-0.8935,0.4124,-0.1778,-0.9443,0.2703,0.1879,-0.9443,0.2703,0.1878,-0.3684,0.2703,-0.8895,-0.7575,0.4124,-0.5061,-0.9628,0.2702,-0.0,-0.972,0.1336,0.1933,0.824,0.1336,-0.5506,0.3684,0.2703,-0.8895,-0.1933,0.1336,-0.972,-0.972,0.1336,0.1932,0.9156,0.1336,-0.3793,0.5349,0.2703,-0.8005,-0.0,0.1336,-0.991,-0.972,0.1336,0.1933,0.972,0.1335,0.1933,0.8895,0.2703,-0.3685,0.1933,0.1336,-0.972,-0.972,0.1336,0.1933,0.9156,0.1336,0.3793,0.9443,0.2703,-0.1877,0.5506,0.1336,-0.824,-0.972,0.1336,0.1933,0.7008,0.1336,0.7007,0.9628,0.2703,0.0,0.824,0.1336,-0.5506,-0.991,0.1336,0.0,0.7008,0.1336,0.7008,0.9443,0.2703,0.1878,0.8005,0.2703,-0.5349,-0.991,0.1336,0.0,0.5506,0.1336,0.824,0.8005,0.2703,0.5349,0.972,0.1336,-0.1932,-0.991,0.1336,1.0E-4,-0.0,0.1336,0.991,0.535,0.2703,0.8005,0.9156,0.1336,0.3792,-0.991,0.1336,0.0,-0.3793,0.1336,0.9156,0.3685,0.2703,0.8895,0.7008,0.1336,0.7008,-0.991,0.1336,0.0,-0.5506,0.1336,0.824,0.0,0.2703,0.9628,0.5506,0.1336,0.824,-0.991,0.1336,0.0,-0.824,0.1336,0.5506,-0.3683,0.2703,0.8895,0.1933,0.1335,0.972,-0.991,0.1337,0.0,-0.824,0.1336,0.5506,-0.5349,0.2703,0.8005,-0.0,0.1336,0.991,-0.991,0.1336,1.0E-4,-0.991,0.1336,0.0,-0.8005,0.2704,0.5348,-0.3793,0.1336,0.9156,-0.991,0.1336,0.0,-0.991,0.1336,1.0E-4,-0.8895,0.2704,0.3684,-0.5505,0.1336,0.8241,-0.991,0.1335,0.0,-0.9156,0.1336,-0.3793,-0.9443,0.2703,0.1878,-0.7008,0.1336,0.7008,-0.972,0.1336,0.1933,-0.824,0.1336,-0.5506,-0.9628,0.2703,1.0E-4,-0.9156,0.1336,0.3793,-0.972,0.1336,0.1933,-0.5506,0.1336,-0.824,-0.8895,0.2703,-0.3684,-0.972,0.1336,0.1932,-0.972,0.1336,0.1933,-0.3793,0.1336,-0.9156,-0.8005,0.2704,-0.535,-0.991,0.1336,0.0,-0.972,0.1336,0.1933,-0.1933,0.1337,-0.972,-0.6808,0.2704,-0.6808,-0.972,0.1336,-0.1933,-0.972,0.1336,0.1933,0.1933,0.1336,-0.972,-0.3684,0.2703,-0.8895,-0.9156,0.1336,-0.3793,-0.972,0.1335,0.1934,0.1933,0.1337,-0.972,-0.3684,0.2703,-0.8895,-0.824,0.1336,-0.5506,-0.972,0.1336,0.1933,0.3793,0.1337,-0.9156,0.0,0.2703,-0.9628,-0.7007,0.1336,-0.7008,-0.972,0.1336,0.1933,0.9156,0.1336,0.3793,0.972,0.1336,-0.1933,0.5506,0.1336,-0.824,-0.991,0.1336,0.0,0.5506,0.1336,0.824,0.972,0.1335,0.1932,0.9156,0.1336,-0.3793,-0.991,0.1336,0.0,0.3793,0.1336,0.9156,0.9156,0.1336,0.3794,0.9978,0.0665,0.0,-0.991,0.1336,0.0,-0.0,0.1336,0.991,0.5506,0.1337,0.824,0.972,0.1336,0.1933,-0.991,0.1336,0.0,-0.1933,0.1336,0.972,0.3793,0.1336,0.9156,0.824,0.1336,0.5506,-0.991,0.1336,0.0,-0.3792,0.1336,0.9156,0.1933,0.1336,0.972,0.824,0.1336,0.5506,-0.991,0.1336,1.0E-4,-0.7008,0.1336,0.7008,-0.0,0.1336,0.991,0.3793,0.1335,0.9156,-0.991,0.1336,-1.0E-4,-0.824,0.1336,0.5506,-0.3793,0.1336,0.9156,0.1934,0.1336,0.972,-0.991,0.1336,0.0,-0.9156,0.1336,0.3793,-0.3684,0.2703,0.8895,0.0,0.1337,0.991,-0.991,0.1336,-1.0E-4,-0.972,0.1336,0.1933,-0.5506,0.1336,0.824,-0.3817,0.0665,0.9219,-0.991,0.1336,0.0,-0.991,0.1336,0.0,-0.824,0.1335,0.5507,-0.5506,0.1336,0.824,-0.991,0.1336,0.0,-0.972,0.1336,-0.1933,-0.9156,0.1336,0.3793,-0.7008,0.1336,0.7008,-0.991,0.1336,0.0,-0.9156,0.1336,-0.3793,-0.972,0.1336,0.1933,-0.7008,0.1336,0.7007,-0.972,0.1337,0.1933,-0.824,0.1336,-0.5506,-0.972,0.1335,-0.1932,-0.824,0.1336,0.5506,-0.972,0.1336,0.1933,-0.7008,0.1335,-0.7008,-0.9443,0.2703,-0.1879,-0.9156,0.1336,0.3793,-0.972,0.1336,0.1933,-0.5506,0.1336,-0.824,-0.9156,0.1336,-0.3793,-0.972,0.1336,0.1933,-0.972,0.1336,0.1933,-0.3793,0.1336,-0.9156,-0.7008,0.1337,-0.7007,-0.991,0.1336,0.0,-0.972,0.1336,0.1932,-0.0,0.1336,-0.991,-0.5506,0.1336,-0.824,-0.9156,0.1336,-0.3793,-0.972,0.1336,0.1933,0.3793,0.1335,-0.9156,-0.3793,0.1336,-0.9156,-0.7055,0.0665,-0.7055,-0.972,0.1336,0.1933,0.5507,0.1336,-0.824,-0.0,0.1335,-0.991,-0.5506,0.1336,-0.824,-0.972,0.1336,0.1933,0.824,0.1336,-0.5506,0.1934,0.1336,-0.972,-0.3793,0.1336,-0.9156,-0.972,0.1336,0.1933,0.9156,0.1336,-0.3793,0.3793,0.1336,-0.9156,-0.1933,0.1336,-0.972,-0.972,0.1336,0.1933,0.972,0.1337,-0.1933,0.6808,0.2703,-0.6808,-0.0,0.1336,-0.991,-0.972,0.1336,0.1933,0.972,0.1335,0.1933,0.824,0.1336,-0.5506,0.3793,0.1336,-0.9156,-0.972,0.1336,0.1932,0.9156,0.1336,0.3793,0.9156,0.1336,-0.3793,0.5506,0.1336,-0.824
t:0.037765,0.991859,0.037765,0.923163,0.156864,0.923163,0.156864,0.991859,0.061585,0.991859,0.061585,0.923163,0.085405,0.991859,0.085405,0.923163,0.109225,0.991859,0.109225,0.923163,0.133045,0.991859,0.133045,0.923163,0.037765,0.844267,0.156864,0.844267,0.061585,0.844267,0.085405,0.844267,0.109225,0.844267,0.133045,0.844267,0.037765,0.75271297,0.156864,0.75271297,0.061585,0.75271297,0.085405,0.75271297,0.109225,0.75271297,0.133045,0.75271297,0.037765,0.645819,0.156864,0.645819,0.061585,0.645819,0.085405,0.645819,0.109225,0.645819,0.133045,0.645819,0.037765,0.521213,0.156864,0.521213,0.061585,0.521213,0.085405,0.521213,0.109225,0.521213,0.133045,0.521213,0.037765,0.37522602,0.156864,0.37522602,0.061585,0.37522602,0.085405,0.37522602,0.109225,0.37522602,0.133045,0.37522602,0.037765,0.20396698,0.156864,0.20396698,0.061585,0.20396698,0.085405,0.20396698,0.109225,0.20396698,0.133045,0.20396698,0.037765,0.0033469796,0.156864,0.0033469796,0.061585,0.0033469796,0.085405,0.0033469796,0.109225,0.0033469796,0.133045,0.0033469796,0.987161,0.900351,0.999834,0.098330975,0.185959,0.09898603,0.187185,0.911471,0.987161,0.900351,0.999834,0.098330975,0.185959,0.09898603,0.187185,0.911471,0.987161,0.900351,0.999834,0.098330975,0.185959,0.09898603,0.187185,0.911471,0.987161,0.900351,0.999834,0.098330975,0.185959,0.09898603,0.187185,0.911471,0.987161,0.900351,0.999834,0.098330975,0.185959,0.09898603,0.187185,0.911471,0.987161,0.900351,0.999834,0.098330975,0.185959,0.09898603,0.187185,0.911471,0.987161,0.900351,0.999834,0.098330975,0.185959,0.09898603,0.187185,0.911471,0.987161,0.900351,0.999834,0.098330975,0.185959,0.09898603,0.187185,0.911471,0.987161,0.900351,0.999834,0.098330975,0.185959,0.09898603,0.187185,0.911471,0.987161,0.900351,0.999834,0.098330975,0.185959,0.09898603,0.187185,0.911471,0.987161,0.900351,0.999834,0.098330975,0.185959,0.09898603,0.187185,0.911471,0.987161,0.900351,0.999834,0.098330975,0.185959,0.09898603,0.187185,0.911471,0.987161,0.900351,0.999834,0.098330975,0.185959,0.09898603,0.187185,0.911471,0.987161,0.900351,0.999834,0.098330975,0.185959,0.09898603,0.187185,0.911471,0.987161,0.900351,0.999834,0.098330975,0.185959,0.09898603,0.187185,0.911471,0.987161,0.900351,0.999834,0.098330975,0.185959,0.09898603,0.187185,0.911471,0.987161,0.900351,0.999834,0.098330975,0.185959,0.09898603,0.187185,0.911471,0.987161,0.900351,0.999834,0.098330975,0.185959,0.09898603,0.187185,0.911471,0.987161,0.900351,0.999834,0.098330975,0.185959,0.09898603,0.187185,0.911471,0.987161,0.900351,0.999834,0.098330975,0.185959,0.09898603,0.187185,0.911471,0.987161,0.900351,0.999834,0.098330975,0.185959,0.09898603,0.187185,0.911471,0.987161,0.900351,0.999834,0.098330975,0.185959,0.09898603,0.187185,0.911471,0.987161,0.900351,0.999834,0.098330975,0.185959,0.09898603,0.187185,0.911471,0.987161,0.900351,0.999834,0.098330975,0.185959,0.09898603,0.187185,0.911471,0.987161,0.900351,0.999834,0.098330975,0.185959,0.09898603,0.187185,0.911471,0.987161,0.900351,0.999834,0.098330975,0.185959,0.09898603,0.187185,0.911471,0.987161,0.900351,0.999834,0.098330975,0.185959,0.09898603,0.187185,0.911471,0.987161,0.900351,0.999834,0.098330975,0.185959,0.09898603,0.187185,0.911471,0.987161,0.900351,0.999834,0.098330975,0.185959,0.09898603,0.187185,0.911471,0.987161,0.900351,0.999834,0.098330975,0.185959,0.09898603,0.187185,0.911471,0.987161,0.900351,0.999834,0.098330975,0.185959,0.09898603,0.187185,0.911471,0.987161,0.900351,0.999834,0.098330975,0.185959,0.09898603,0.187185,0.911471,0.987161,0.900351,0.999834,0.098330975,0.185959,0.09898603,0.187185,0.911471,0.987161,0.900351,0.999834,0.098330975,0.185959,0.09898603,0.187185,0.911471,0.987161,0.900351,0.999834,0.098330975,0.185959,0.09898603,0.187185,0.911471,0.987161,0.900351,0.999834,0.098330975,0.185959,0.09898603,0.187185,0.911471,0.987161,0.900351,0.999834,0.098330975,0.185959,0.09898603,0.187185,0.911471,0.987161,0.900351,0.999834,0.098330975,0.185959,0.09898603,0.187185,0.911471,0.987161,0.900351,0.999834,0.098330975,0.185959,0.09898603,0.187185,0.911471,0.987161,0.900351,0.999834,0.098330975,0.185959,0.09898603,0.187185,0.911471,0.987161,0.900351,0.999834,0.098330975,0.185959,0.09898603,0.187185,0.911471,0.987161,0.900351,0.999834,0.098330975,0.185959,0.09898603,0.187185,0.911471,0.987161,0.900351,0.999834,0.098330975,0.185959,0.09898603,0.187185,0.911471,0.987161,0.900351,0.999834,0.098330975,0.185959,0.09898603,0.187185,0.911471,0.987161,0.900351,0.999834,0.098330975,0.185959,0.09898603,0.187185,0.911471,0.987161,0.900351,0.999834,0.098330975,0.185959,0.09898603,0.187185,0.911471,0.987161,0.900351,0.999834,0.098330975,0.185959,0.09898603,0.187185,0.911471,0.987161,0.900351,0.999834,0.098330975,0.185959,0.09898603,0.187185,0.911471,0.987161,0.900351,0.999834,0.098330975,0.185959,0.09898603,0.187185,0.911471,0.987161,0.900351,0.999834,0.098330975,0.185959,0.09898603,0.187185,0.911471,0.987161,0.900351,0.999834,0.098330975,0.185959,0.09898603,0.187185,0.911471,0.987161,0.900351,0.999834,0.098330975,0.185959,0.09898603,0.187185,0.911471,0.987161,0.900351,0.999834,0.098330975,0.185959,0.09898603,0.187185,0.911471,0.987161,0.900351,0.999834,0.098330975,0.185959,0.09898603,0.187185,0.911471,0.987161,0.900351,0.999834,0.098330975,0.185959,0.09898603,0.187185,0.911471,0.987161,0.900351,0.999834,0.098330975,0.185959,0.09898603,0.187185,0.911471,0.987161,0.900351,0.999834,0.098330975,0.185959,0.09898603,0.187185,0.911471,0.987161,0.900351,0.999834,0.098330975,0.185959,0.09898603,0.187185,0.911471,0.987161,0.900351,0.999834,0.098330975,0.185959,0.09898603,0.187185,0.911471,0.987161,0.900351,0.999834,0.098330975,0.185959,0.09898603,0.187185,0.911471,0.987161,0.900351,0.999834,0.098330975,0.185959,0.09898603,0.187185,0.911471,0.987161,0.900351,0.999834,0.098330975,0.185959,0.09898603,0.187185,0.911471,0.987161,0.900351,0.999834,0.098330975,0.185959,0.09898603,0.187185,0.911471,0.987161,0.900351,0.999834,0.098330975,0.185959,0.09898603,0.187185,0.911471,0.987161,0.900351,0.999834,0.098330975,0.185959,0.09898603,0.187185,0.911471,0.987161,0.900351,0.999834,0.098330975,0.185959,0.09898603,0.187185,0.911471,0.987161,0.900351,0.999834,0.098330975,0.185959,0.09898603,0.187185,0.911471,0.987161,0.900351,0.999834,0.098330975,0.185959,0.09898603,0.187185,0.911471,0.987161,0.900351,0.999834,0.098330975,0.185959,0.09898603,0.187185,0.911471,0.987161,0.900351,0.999834,0.098330975,0.185959,0.09898603,0.187185,0.911471,0.987161,0.900351,0.999834,0.098330975,0.185959,0.09898603,0.187185,0.911471,0.987161,0.900351,0.999834,0.098330975,0.185959,0.09898603,0.187185,0.911471,0.987161,0.900351,0.999834,0.098330975,0.185959,0.09898603,0.187185,0.911471,0.987161,0.900351,0.999834,0.098330975,0.185959,0.09898603,0.187185,0.911471,0.987161,0.900351,0.999834,0.098330975,0.185959,0.09898603,0.187185,0.911471,0.987161,0.900351,0.999834,0.098330975,0.185959,0.09898603,0.187185,0.911471,0.987161,0.900351,0.999834,0.098330975,0.185959,0.09898603,0.187185,0.911471,0.987161,0.900351,0.999834,0.098330975,0.185959,0.09898603,0.187185,0.911471,0.987161,0.900351,0.999834,0.098330975,0.185959,0.09898603,0.187185,0.911471,0.987161,0.900351,0.999834,0.098330975,0.185959,0.09898603,0.187185,0.911471,0.987161,0.900351,0.999834,0.098330975,0.185959,0.09898603,0.187185,0.911471,0.987161,0.900351,0.999834,0.098330975,0.185959,0.09898603,0.187185,0.911471,0.987161,0.900351,0.999834,0.098330975,0.185959,0.09898603,0.187185,0.911471,0.987161,0.900351,0.999834,0.098330975,0.185959,0.09898603,0.187185,0.911471,0.987161,0.900351,0.999834,0.098330975,0.185959,0.09898603,0.187185,0.911471,0.987161,0.900351,0.999834,0.098330975,0.185959,0.09898603,0.187185,0.911471,0.987161,0.900351,0.999834,0.098330975,0.185959,0.09898603,0.187185,0.911471,0.987161,0.900351,0.999834,0.098330975,0.185959,0.09898603,0.187185,0.911471,0.987161,0.900351,0.999834,0.098330975,0.185959,0.09898603,0.187185,0.911471,0.987161,0.900351,0.999834,0.098330975,0.185959,0.09898603,0.187185,0.911471,0.987161,0.900351,0.999834,0.098330975,0.185959,0.09898603,0.187185,0.911471,0.987161,0.900351,0.999834,0.098330975,0.185959,0.09898603,0.187185,0.911471,0.987161,0.900351,0.999834,0.098330975,0.185959,0.09898603,0.187185,0.911471,0.987161,0.900351,0.999834,0.098330975,0.185959,0.09898603,0.187185,0.911471,0.987161,0.900351,0.999834,0.098330975,0.185959,0.09898603,0.187185,0.911471,0.987161,0.900351,0.999834,0.098330975,0.185959,0.09898603,0.187185,0.911471,0.987161,0.900351,0.999834,0.098330975,0.185959,0.09898603,0.187185,0.911471,0.987161,0.900351,0.999834,0.098330975,0.185959,0.09898603,0.187185,0.911471,0.987161,0.900351,0.999834,0.098330975,0.185959,0.09898603,0.187185,0.911471,0.987161,0.900351,0.999834,0.098330975,0.185959,0.09898603,0.187185,0.911471,0.987161,0.900351,0.999834,0.098330975,0.185959,0.09898603,0.187185,0.911471,0.987161,0.900351,0.999834,0.098330975,0.185959,0.09898603,0.187185,0.911471,0.987161,0.900351,0.999834,0.098330975,0.185959,0.09898603,0.187185,0.911471,0.987161,0.900351,0.999834,0.098330975,0.185959,0.09898603,0.187185,0.911471,0.987161,0.900351,0.999834,0.098330975,0.185959,0.09898603,0.187185,0.911471,0.987161,0.900351,0.999834,0.098330975,0.185959,0.09898603,0.187185,0.911471,0.987161,0.900351,0.999834,0.098330975,0.185959,0.09898603,0.187185,0.911471,0.987161,0.900351,0.999834,0.098330975,0.185959,0.09898603,0.187185,0.911471,0.987161,0.900351,0.999834,0.098330975,0.185959,0.09898603,0.187185,0.911471,0.987161,0.900351,0.999834,0.098330975,0.185959,0.09898603,0.187185,0.911471,0.987161,0.900351,0.999834,0.098330975,0.185959,0.09898603,0.187185,0.911471,0.987161,0.900351,0.999834,0.098330975,0.185959,0.09898603,0.187185,0.911471
i:0,1,2,2,3,0,4,5,1,1,0,4,6,7,5,5,4,6,8,9,7,7,6,8,10,11,9,9,8,10,3,2,11,11,10,3,1,12,13,13,2,1,5,14,12,12,1,5,7,15,14,14,5,7,9,16,15,15,7,9,11,17,16,16,9,11,2,13,17,17,11,2,12,18,19,19,13,12,14,20,18,18,12,14,15,21,20,20,14,15,16,22,21,21,15,16,17,23,22,22,16,17,13,19,23,23,17,13,18,24,25,25,19,18,20,26,24,24,18,20,21,27,26,26,20,21,22,28,27,27,21,22,23,29,28,28,22,23,19,25,29,29,23,19,24,30,31,31,25,24,26,32,30,30,24,26,27,33,32,32,26,27,28,34,33,33,27,28,29,35,34,34,28,29,25,31,35,35,29,25,30,36,37,37,31,30,32,38,36,36,30,32,33,39,38,38,32,33,34,40,39,39,33,34,35,41,40,40,34,35,31,37,41,41,35,31,36,42,43,43,37,36,38,44,42,42,36,38,39,45,44,44,38,39,40,46,45,45,39,40,41,47,46,46,40,41,37,43,47,47,41,37,42,48,49,49,43,42,44,50,48,48,42,44,45,51,50,50,44,45,46,52,51,51,45,46,47,53,52,52,46,47,43,49,53,53,47,43,54,55,56,54,56,57,58,59,60,58,60,61,62,63,64,62,64,65,66,67,68,66,68,69,70,71,72,70,72,73,74,75,76,74,76,77,78,79,80,78,80,81,82,83,84,82,84,85,86,87,88,86,88,89,90,91,92,90,92,93,94,95,96,94,96,97,98,99,100,98,100,101,102,103,104,102,104,105,106,107,108,106,108,109,110,111,112,110,112,113,114,115,116,114,116,117,118,119,120,118,120,121,122,123,124,122,124,125,126,127,128,126,128,129,130,131,132,130,132,133,134,135,136,134,136,137,138,139,140,138,140,141,142,143,144,142,144,145,146,147,148,146,148,149,150,151,152,150,152,153,154,155,156,154,156,157,158,159,160,158,160,161,162,163,164,162,164,165,166,167,168,166,168,169,170,171,172,170,172,173,174,175,176,174,176,177,178,179,180,178,180,181,182,183,184,182,184,185,186,187,188,186,188,189,190,191,192,190,192,193,194,195,196,194,196,197,198,199,200,198,200,201,202,203,204,202,204,205,206,207,208,206,208,209,210,211,212,210,212,213,214,215,216,214,216,217,218,219,220,218,220,221,222,223,224,222,224,225,226,227,228,226,228,229,230,231,232,230,232,233,234,235,236,234,236,237,238,239,240,238,240,241,242,243,244,242,244,245,246,247,248,246,248,249,250,251,252,250,252,253,254,255,256,254,256,257,258,259,260,258,260,261,262,263,264,262,264,265,266,267,268,266,268,269,270,271,272,270,272,273,274,275,276,274,276,277,278,279,280,278,280,281,282,283,284,282,284,285,286,287,288,286,288,289,290,291,292,290,292,293,294,295,296,294,296,297,298,299,300,298,300,301,302,303,304,302,304,305,306,307,308,306,308,309,310,311,312,310,312,313,314,315,316,314,316,317,318,319,320,318,320,321,322,323,324,322,324,325,326,327,328,326,328,329,330,331,332,330,332,333,334,335,336,334,336,337,338,339,340,338,340,341,342,343,344,342,344,345,346,347,348,346,348,349,350,351,352,350,352,353,354,355,356,354,356,357,358,359,360,358,360,361,362,363,364,362,364,365,366,367,368,366,368,369,370,371,372,370,372,373,374,375,376,374,376,377,378,379,380,378,380,381,382,383,384,382,384,385,386,387,388,386,388,389,390,391,392,390,392,393,394,395,396,394,396,397,398,399,400,398,400,401,402,403,404,402,404,405,406,407,408,406,408,409,410,411,412,410,412,413,414,415,416,414,416,417,418,419,420,418,420,421,422,423,424,422,424,425,426,427,428,426,428,429,430,431,432,430,432,433,434,435,436,434,436,437,438,439,440,438,440,441,442,443,444,442,444,445,446,447,448,446,448,449,450,451,452,450,452,453,454,455,456,454,456,457,458,459,460,458,460,461,462,463,464,462,464,465,466,467,468,466,468,469,470,471,472,470,472,473,474,475,476,474,476,477,478,479,480,478,480,481,482,483,484,482,484,485,486,487,488,486,488,489,490,491,492,490,492,493,494,495,496,494,496,497,498,499,500,498,500,501
i:0,1,2,2,3,0,4,5,1,1,0,4,6,7,5,5,4,6,8,9,7,7,6,8,10,11,9,9,8,10,3,2,11,11,10,3,1,12,17,17,2,1,12,1,5,7,15,12,12,5,7,15,7,9,11,17,15,15,9,11,17,11,2,19,17,12,12,20,19,20,12,15,15,22,20,22,15,17,17,19,22,28,19,20,28,20,22,28,22,19,54,55,56,54,56,57,58,59,60,58,60,61,62,63,64,62,64,65,66,67,68,66,68,69,70,71,72,70,72,73,74,75,76,74,76,77,78,79,80,78,80,81,82,83,84,82,84,85,86,87,88,86,88,89,90,91,92,90,92,93,94,95,96,94,96,97,98,99,100,98,100,101,102,103,104,102,104,105,106,107,108,106,108,109,110,111,112,110,112,113,114,115,116,114,116,117,118,119,120,118,120,121,122,123,124,122,124,125,126,127,128,126,128,129,130,131,132,130,132,133,134,135,136,134,136,137,138,139,140,138,140,141,142,143,144,142,144,145,146,147,148,146,148,149,150,151,152,150,152,153,154,155,156,154,156,157,158,159,160,158,160,161,162,163,164,162,164,165,166,167,168,166,168,169,170,171,172,170,172,173,174,175,176,174,176,177,178,179,180,178,180,181,182,183,184,182,184,185,186,187,188,186,188,189,190,191,192,190,192,193,194,195,196,194,196,197,198,199,200,198,200,201,202,203,204,202,204,205,206,207,208,206,208,209,210,211,212,210,212,213,214,215,216,214,216,217,218,219,220,218,220,221,222,223,224,222,224,225,226,227,228,226,228,229,230,231,232,230,232,233,234,235,236,234,236,237,238,239,240,238,240,241,242,243,244,242,244,245,246,247,248,246,248,249,250,251,252,250,252,253,254,255,256,254,256,257,258,259,260,258,260,261,262,263,264,262,264,265,266,267,268,266,268,269,270,271,272,270,272,273,274,275,276,274,276,277,278,279,280,278,280,281,282,283,284,282,284,285,286,287,288,286,288,289,290,291,292,290,292,293,294,295,296,294,296,297,298,299,300,298,300,301,302,303,304,302,304,305,306,307,308,306,308,309,310,311,312,310,312,313,314,315,316,314,316,317,318,319,320,318,320,321,322,323,324,322,324,325,326,327,328,326,328,329,330,331,332,330,332,333,334,335,336,334,336,337,338,339,340,338,340,341,342,343,344,342,344,345,346,347,348,346,348,349,350,351,352,350,352,353,354,355,356,354,356,357,358,359,360,358,360,361,362,363,364,362,364,365,366,367,368,366,368,369,370,371,372,370,372,373,374,375,376,374,376,377,378,379,380,378,380,381,382,383,384,382,384,385,386,387,388,386,388,389,390,391,392,390,392,393,394,395,396,394,396,397,398,399,400,398,400,401,402,403,404,402,404,405,406,407,408,406,408,409,410,411,412,410,412,413,414,415,416,414,416,417,418,419,420,418,420,421,422,423,424,422,424,425,426,427,428,426,428,429,430,431,432,430,432,433,434,435,436,434,436,437,438,439,440,438,440,441,442,443,444,442,444,445,446,447,448,446,448,449,450,451,452,450,452,453,454,455,456,454,456,457,458,459,460,458,460,461,462,463,464,462,464,465,466,467,468,466,468,469,470,471,472,470,472,473,474,475,476,474,476,477,478,479,480,478,480,481,482,483,484,482,484,485,486,487,488,486,488,489,490,491,492,490,492,493,494,495,496,494,496,497,498,499,500,498,500,501
i:90,91,92,90,92,93,94,95,96,94,96,97,98,99,100,98,100,101,102,103,104,102,104,105,106,107,108,106,108,109,110,111,112,110,112,113,114,115,116,114,116,117,118,119,120,118,120,121,122,123,124,122,124,125,126,127,128,126,128,129,130,131,132,130,132,133,134,135,136,134,136,137,138,139,140,138,140,141,142,143,144,142,144,145,146,147,148,146,148,149,150,151,152,150,152,153,154,155,156,154,156,157,158,159,160,158,160,161,162,163,164,162,164,165,166,167,168,166,168,169,170,171,172,170,172,173,174,175,176,174,176,177,178,179,180,178,180,181,182,183,184,182,184,185,186,187,188,186,188,189,190,191,192,190,192,193,194,195,196,194,196,197,198,199,200,198,200,201,202,203,204,202,204,205,206,207,208,206,208,209,210,211,212,210,212,213,214,215,216,214,216,217,218,219,220,218,220,221,222,223,224,222,224,225,226,227,228,226,228,229,230,231,232,230,232,233,234,235,236,234,236,237,238,239,240,238,240,241,242,243,244,242,244,245,246,247,248,246,248,249,250,251,252,250,252,253,254,255,256,254,256,257,258,259,260,258,260,261,262,263,264,262,264,265,266,267,268,266,268,269,270,271,272,270,272,273,274,275,276,274,276,277,278,279,280,278,280,281,282,283,284,282,284,285,286,287,288,286,288,289,290,291,292,290,292,293,294,295,296,294,296,297,298,299,300,298,300,301,302,303,304,302,304,305,306,307,308,306,308,309,310,311,312,310,312,313,314,315,316,314,316,317,318,319,320,318,320,321,322,323,324,322,324,325,326,327,328,326,328,329,330,331,332,330,332,333,334,335,336,334,336,337,338,339,340,338,340,341,342,343,344,342,344,345,346,347,348,346,348,349,350,351,352,350,352,353,354,355,356,354,356,357,358,359,360,358,360,361,362,363,364,362,364,365,366,367,368,366,368,369,370,371,372,370,372,373,374,375,376,374,376,377,378,379,380,378,380,381,382,383,384,382,384,385,386,387,388,386,388,389,390,391,392,390,392,393,394,395,396,394,396,397,398,399,400,398,400,401,402,403,404,402,404,405,406,407,408,406,408,409,410,411,412,410,412,413,414,415,416,414,416,417,418,419,420,418,420,421,422,423,424,422,424,425,426,427,428,426,428,429,430,431,432,430,432,433,434,435,436,434,436,437,438,439,440,438,440,441,442,443,444,442,444,445,446,447,448,446,448,449,450,451,452,450,452,453,454,455,456,454,456,457,458,459,460,458,460,461,462,463,464,462,464,465,466,467,468,466,468,469,470,471,472,470,472,473,474,475,476,474,476,477,478,479,480,478,480,481,482,483,484,482,484,485,486,487,488,486,488,489,490,491,492,490,492,493,494,495,496,494,496,497,498,499,500,498,500,501
i:126,127,128,126,128,129,134,135,136,134,136,137,150,151,152,150,152,153,162,163,164,162,164,165,166,167,168,166,168,169,174,175,176,174,176,177,178,179,180,178,180,181,182,183,184,182,184,185,186,187,188,186,188,189,190,191,192,190,192,193,194,195,196,194,196,197,198,199,200,198,200,201,202,203,204,202,204,205,206,207,208,206,208,209,210,211,212,210,212,213,214,215,216,214,216,217,218,219,220,218,220,221,222,223,224,222,224,225,226,227,228,226,228,229,230,231,232,230,232,233,234,235,236,234,236,237,238,239,240,238,240,241,242,243,244,242,244,245,246,247,248,246,248,249,250,251,252,250,252,253,254,255,256,254,256,257,258,259,260,258,260,261,262,263,264,262,264,265,266,267,268,266,268,269,270,271,272,270,272,273,274,275,276,274,276,277,278,279,280,278,280,281,282,283,284,282,284,285,286,287,288,286,288,289,290,291,292,290,292,293,294,295,296,294,296,297,298,299,300,298,300,301,302,303,304,302,304,305,306,307,308,306,308,309,310,311,312,310,312,313,314,315,316,314,316,317,318,319,320,318,320,321,322,323,324,322,324,325,326,327,328,326,328,329,330,331,332,330,332,333,334,335,336,334,336,337,338,339,340,338,340,341,342,343,344,342,344,345,346,347,348,346,348,349,350,351,352,350,352,353,354,355,356,354,356,357,358,359,360,358,360,361,362,363,364,362,364,365,366,367,368,366,368,369,370,371,372,370,372,373,374,375,376,374,376,377,378,379,380,378,380,381,382,383,384,382,384,385,386,387,388,386,388,389,390,391,392,390,392,393,394,395,396,394,396,397,398,399,400,398,400,401,402,403,404,402,404,405,406,407,408,406,408,409,410,411,412,410,412,413,414,415,416,414,416,417,418,419,420,418,420,421,422,423,424,422,424,425,426,427,428,426,428,429,430,431,432,430,432,433,434,435,436,434,436,437,438,439,440,438,440,441,442,443,444,442,444,445,446,447,448,446,448,449,450,451,452,450,452,453,454,455,456,454,456,457,458,459,460,458,460,461,462,463,464,462,464,465,466,467,468,466,468,469,470,471,472,470,472,473,474,475,476,474,476,477,478,479,480,478,480,481,482,483,484,482,484,485,486,487,488,486,488,489,490,491,492,490,492,493,494,495,496,494,496,497,498,499,500,498,500,501
